/*--------------------------------*- C++ -*----------------------------------*\
| =========                 |                                                 |
| \\      /  F ield         | OpenFOAM: The Open Source CFD Toolbox           |
|  \\    /   O peration     | Version:  2312                                  |
|   \\  /    A nd           | Website:  www.openfoam.com                      |
|    \\/     M anipulation  |                                                 |
\*---------------------------------------------------------------------------*/
FoamFile
{
    version     2.0;
    format      ascii;
    arch        "LSB;label=32;scalar=64";
    note        "nPoints:4305  nCells:3360  nFaces:10964  nInternalFaces:9196";
    class       labelList;
    location    "constant/polyMesh";
    object      neighbour;
}
// * * * * * * * * * * * * * * * * * * * * * * * * * * * * * * * * * * * * * //


9196
(
1
40
240
2
41
241
3
42
242
4
43
243
5
44
244
6
45
245
7
46
246
8
47
247
9
48
248
10
49
249
11
50
250
12
51
251
13
52
252
14
53
253
15
54
254
16
55
255
17
56
256
18
57
257
19
58
258
20
59
259
21
60
260
22
61
261
23
62
262
24
63
263
25
64
264
26
65
265
27
66
266
28
67
267
29
68
268
30
69
269
31
70
270
32
71
271
33
72
272
34
73
273
35
74
274
36
75
275
37
76
276
38
77
277
39
78
278
79
279
41
80
280
42
81
281
43
82
282
44
83
283
45
84
284
46
85
285
47
86
286
48
87
287
49
88
288
50
89
289
51
90
290
52
91
291
53
92
292
54
93
293
55
94
294
56
95
295
57
96
296
58
97
297
59
98
298
60
99
299
61
100
300
62
101
301
63
102
302
64
103
303
65
104
304
66
105
305
67
106
306
68
107
307
69
108
308
70
109
309
71
110
310
72
111
311
73
112
312
74
113
313
75
114
314
76
115
315
77
116
316
78
117
317
79
118
318
119
319
81
120
320
82
121
321
83
122
322
84
123
323
85
124
324
86
125
325
87
126
326
88
127
327
89
128
328
90
129
329
91
130
330
92
131
331
93
132
332
94
133
333
95
134
334
96
135
335
97
136
336
98
137
337
99
138
338
100
139
339
101
140
340
102
141
341
103
142
342
104
143
343
105
144
344
106
145
345
107
146
346
108
147
347
109
148
348
110
149
349
111
150
350
112
151
351
113
152
352
114
153
353
115
154
354
116
155
355
117
156
356
118
157
357
119
158
358
159
359
121
160
360
122
161
361
123
162
362
124
163
363
125
164
364
126
165
365
127
166
366
128
167
367
129
168
368
130
169
369
131
170
370
132
171
371
133
172
372
134
173
373
135
174
374
136
175
375
137
176
376
138
177
377
139
178
378
140
179
379
141
180
380
142
181
381
143
182
382
144
183
383
145
184
384
146
185
385
147
186
386
148
187
387
149
188
388
150
189
389
151
190
390
152
191
391
153
192
392
154
193
393
155
194
394
156
195
395
157
196
396
158
197
397
159
198
398
199
399
161
200
400
162
201
401
163
202
402
164
203
403
165
204
404
166
205
405
167
206
406
168
207
407
169
208
408
170
209
409
171
210
410
172
211
411
173
212
412
174
213
413
175
214
414
176
215
415
177
216
416
178
217
417
179
218
418
180
219
419
181
220
420
182
221
421
183
222
422
184
223
423
185
224
424
186
225
425
187
226
426
188
227
427
189
228
428
190
229
429
191
230
430
192
231
431
193
232
432
194
233
433
195
234
434
196
235
435
197
236
436
198
237
437
199
238
438
239
439
201
440
202
441
203
442
204
443
205
444
206
445
207
446
208
447
209
448
210
449
211
450
212
451
213
452
214
453
215
454
216
455
217
456
218
457
219
458
220
459
221
460
222
461
223
462
224
463
225
464
226
465
227
466
228
467
229
468
230
469
231
470
232
471
233
472
234
473
235
474
236
475
237
476
238
477
239
478
479
241
280
480
242
281
481
243
282
482
244
283
483
245
284
484
246
285
485
247
286
486
248
287
487
249
288
488
250
289
489
251
290
490
252
291
491
253
292
492
254
293
493
255
294
494
256
295
495
257
296
496
258
297
497
259
298
498
260
299
499
261
300
500
262
301
501
263
302
502
264
303
503
265
304
504
266
305
505
267
306
506
268
307
507
269
308
508
270
309
509
271
310
510
272
311
511
273
312
512
274
313
513
275
314
514
276
315
515
277
316
516
278
317
517
279
318
518
319
519
281
320
520
282
321
521
283
322
522
284
323
523
285
324
524
286
325
525
287
326
526
288
327
527
289
328
528
290
329
529
291
330
530
292
331
531
293
332
532
294
333
533
295
334
534
296
335
535
297
336
536
298
337
537
299
338
538
300
339
539
301
340
540
302
341
541
303
342
542
304
343
543
305
344
544
306
345
545
307
346
546
308
347
547
309
348
548
310
349
549
311
350
550
312
351
551
313
352
552
314
353
553
315
354
554
316
355
555
317
356
556
318
357
557
319
358
558
359
559
321
360
560
322
361
561
323
362
562
324
363
563
325
364
564
326
365
565
327
366
566
328
367
567
329
368
568
330
369
569
331
370
570
332
371
571
333
372
572
334
373
573
335
374
574
336
375
575
337
376
576
338
377
577
339
378
578
340
379
579
341
380
580
342
381
581
343
382
582
344
383
583
345
384
584
346
385
585
347
386
586
348
387
587
349
388
588
350
389
589
351
390
590
352
391
591
353
392
592
354
393
593
355
394
594
356
395
595
357
396
596
358
397
597
359
398
598
399
599
361
400
600
362
401
601
363
402
602
364
403
603
365
404
604
366
405
605
367
406
606
368
407
607
369
408
608
370
409
609
371
410
610
372
411
611
373
412
612
374
413
613
375
414
614
376
415
615
377
416
616
378
417
617
379
418
618
380
419
619
381
420
620
382
421
621
383
422
622
384
423
623
385
424
624
386
425
625
387
426
626
388
427
627
389
428
628
390
429
629
391
430
630
392
431
631
393
432
632
394
433
633
395
434
634
396
435
635
397
436
636
398
437
637
399
438
638
439
639
401
440
640
402
441
641
403
442
642
404
443
643
405
444
644
406
445
645
407
446
646
408
447
647
409
448
648
410
449
649
411
450
650
412
451
651
413
452
652
414
453
653
415
454
654
416
455
655
417
456
656
418
457
657
419
458
658
420
459
659
421
460
660
422
461
661
423
462
662
424
463
663
425
464
664
426
465
665
427
466
666
428
467
667
429
468
668
430
469
669
431
470
670
432
471
671
433
472
672
434
473
673
435
474
674
436
475
675
437
476
676
438
477
677
439
478
678
479
679
441
680
442
681
443
682
444
683
445
684
446
685
447
686
448
687
449
688
450
689
451
690
452
691
453
692
454
693
455
694
456
695
457
696
458
697
459
698
460
699
461
700
462
701
463
702
464
703
465
704
466
705
467
706
468
707
469
708
470
709
471
710
472
711
473
712
474
713
475
714
476
715
477
716
478
717
479
718
719
481
520
720
482
521
721
483
522
722
484
523
723
485
524
724
486
525
725
487
526
726
488
527
727
489
528
728
490
529
729
491
530
730
492
531
731
493
532
732
494
533
733
495
534
734
496
535
735
497
536
736
498
537
737
499
538
738
500
539
739
501
540
740
502
541
741
503
542
742
504
543
743
505
544
744
506
545
745
507
546
746
508
547
747
509
548
748
510
549
749
511
550
750
512
551
751
513
552
752
514
553
753
515
554
754
516
555
755
517
556
756
518
557
757
519
558
758
559
759
521
560
760
522
561
761
523
562
762
524
563
763
525
564
764
526
565
765
527
566
766
528
567
767
529
568
768
530
569
769
531
570
770
532
571
771
533
572
772
534
573
773
535
574
774
536
575
775
537
576
776
538
577
777
539
578
778
540
579
779
541
580
780
542
581
781
543
582
782
544
583
783
545
584
784
546
585
785
547
586
786
548
587
787
549
588
788
550
589
789
551
590
790
552
591
791
553
592
792
554
593
793
555
594
794
556
595
795
557
596
796
558
597
797
559
598
798
599
799
561
600
800
562
601
801
563
602
802
564
603
803
565
604
804
566
605
805
567
606
806
568
607
807
569
608
808
570
609
809
571
610
810
572
611
811
573
612
812
574
613
813
575
614
814
576
615
815
577
616
816
578
617
817
579
618
818
580
619
819
581
620
820
582
621
821
583
622
822
584
623
823
585
624
824
586
625
825
587
626
826
588
627
827
589
628
828
590
629
829
591
630
830
592
631
831
593
632
832
594
633
833
595
634
834
596
635
835
597
636
836
598
637
837
599
638
838
639
839
601
640
840
602
641
841
603
642
842
604
643
843
605
644
844
606
645
845
607
646
846
608
647
847
609
648
848
610
649
849
611
650
850
612
651
851
613
652
852
614
653
853
615
654
854
616
655
855
617
656
856
618
657
857
619
658
858
620
659
859
621
660
860
622
661
861
623
662
862
624
663
863
625
664
864
626
665
865
627
666
866
628
667
867
629
668
868
630
669
869
631
670
870
632
671
871
633
672
872
634
673
873
635
674
874
636
675
875
637
676
876
638
677
877
639
678
878
679
879
641
680
880
642
681
881
643
682
882
644
683
883
645
684
884
646
685
885
647
686
886
648
687
887
649
688
888
650
689
889
651
690
890
652
691
891
653
692
892
654
693
893
655
694
894
656
695
895
657
696
896
658
697
897
659
698
898
660
699
899
661
700
900
662
701
901
663
702
902
664
703
903
665
704
904
666
705
905
667
706
906
668
707
907
669
708
908
670
709
909
671
710
910
672
711
911
673
712
912
674
713
913
675
714
914
676
715
915
677
716
916
678
717
917
679
718
918
719
919
681
920
682
921
683
922
684
923
685
924
686
925
687
926
688
927
689
928
690
929
691
930
692
931
693
932
694
933
695
934
696
935
697
936
698
937
699
938
700
939
701
940
702
941
703
942
704
943
705
944
706
945
707
946
708
947
709
948
710
949
711
950
712
951
713
952
714
953
715
954
716
955
717
956
718
957
719
958
959
721
760
960
722
761
961
723
762
962
724
763
963
725
764
964
726
765
965
727
766
966
728
767
967
729
768
968
730
769
969
731
770
970
732
771
971
733
772
972
734
773
973
735
774
974
736
775
975
737
776
976
738
777
977
739
778
978
740
779
979
741
780
980
742
781
981
743
782
982
744
783
983
745
784
984
746
785
985
747
786
986
748
787
987
749
788
988
750
789
989
751
790
990
752
791
991
753
792
992
754
793
993
755
794
994
756
795
995
757
796
996
758
797
997
759
798
998
799
999
761
800
1000
762
801
1001
763
802
1002
764
803
1003
765
804
1004
766
805
1005
767
806
1006
768
807
1007
769
808
1008
770
809
1009
771
810
1010
772
811
1011
773
812
1012
774
813
1013
775
814
1014
776
815
1015
777
816
1016
778
817
1017
779
818
1018
780
819
1019
781
820
1020
782
821
1021
783
822
1022
784
823
1023
785
824
1024
786
825
1025
787
826
1026
788
827
1027
789
828
1028
790
829
1029
791
830
1030
792
831
1031
793
832
1032
794
833
1033
795
834
1034
796
835
1035
797
836
1036
798
837
1037
799
838
1038
839
1039
801
840
1040
802
841
1041
803
842
1042
804
843
1043
805
844
1044
806
845
1045
807
846
1046
808
847
1047
809
848
1048
810
849
1049
811
850
1050
812
851
1051
813
852
1052
814
853
1053
815
854
1054
816
855
1055
817
856
1056
818
857
1057
819
858
1058
820
859
1059
821
860
1060
822
861
1061
823
862
1062
824
863
1063
825
864
1064
826
865
1065
827
866
1066
828
867
1067
829
868
1068
830
869
1069
831
870
1070
832
871
1071
833
872
1072
834
873
1073
835
874
1074
836
875
1075
837
876
1076
838
877
1077
839
878
1078
879
1079
841
880
1080
842
881
1081
843
882
1082
844
883
1083
845
884
1084
846
885
1085
847
886
1086
848
887
1087
849
888
1088
850
889
1089
851
890
1090
852
891
1091
853
892
1092
854
893
1093
855
894
1094
856
895
1095
857
896
1096
858
897
1097
859
898
1098
860
899
1099
861
900
1100
862
901
1101
863
902
1102
864
903
1103
865
904
1104
866
905
1105
867
906
1106
868
907
1107
869
908
1108
870
909
1109
871
910
1110
872
911
1111
873
912
1112
874
913
1113
875
914
1114
876
915
1115
877
916
1116
878
917
1117
879
918
1118
919
1119
881
920
1120
882
921
1121
883
922
1122
884
923
1123
885
924
1124
886
925
1125
887
926
1126
888
927
1127
889
928
1128
890
929
1129
891
930
1130
892
931
1131
893
932
1132
894
933
1133
895
934
1134
896
935
1135
897
936
1136
898
937
1137
899
938
1138
900
939
1139
901
940
1140
902
941
1141
903
942
1142
904
943
1143
905
944
1144
906
945
1145
907
946
1146
908
947
1147
909
948
1148
910
949
1149
911
950
1150
912
951
1151
913
952
1152
914
953
1153
915
954
1154
916
955
1155
917
956
1156
918
957
1157
919
958
1158
959
1159
921
1160
922
1161
923
1162
924
1163
925
1164
926
1165
927
1166
928
1167
929
1168
930
1169
931
1170
932
1171
933
1172
934
1173
935
1174
936
1175
937
1176
938
1177
939
1178
940
1179
941
1180
942
1181
943
1182
944
1183
945
1184
946
1185
947
1186
948
1187
949
1188
950
1189
951
1190
952
1191
953
1192
954
1193
955
1194
956
1195
957
1196
958
1197
959
1198
1199
961
1000
1200
962
1001
1201
963
1002
1202
964
1003
1203
965
1004
1204
966
1005
1205
967
1006
1206
968
1007
1207
969
1008
1208
970
1009
1209
971
1010
1210
972
1011
1211
973
1012
1212
974
1013
1213
975
1014
1214
976
1015
1215
977
1016
1216
978
1017
1217
979
1018
1218
980
1019
1219
981
1020
1220
982
1021
1221
983
1022
1222
984
1023
1223
985
1024
1224
986
1025
1225
987
1026
1226
988
1027
1227
989
1028
1228
990
1029
1229
991
1030
1230
992
1031
1231
993
1032
1232
994
1033
1233
995
1034
1234
996
1035
1235
997
1036
1236
998
1037
1237
999
1038
1238
1039
1239
1001
1040
1240
1002
1041
1241
1003
1042
1242
1004
1043
1243
1005
1044
1244
1006
1045
1245
1007
1046
1246
1008
1047
1247
1009
1048
1248
1010
1049
1249
1011
1050
1250
1012
1051
1251
1013
1052
1252
1014
1053
1253
1015
1054
1254
1016
1055
1255
1017
1056
1256
1018
1057
1257
1019
1058
1258
1020
1059
1259
1021
1060
1260
1022
1061
1261
1023
1062
1262
1024
1063
1263
1025
1064
1264
1026
1065
1265
1027
1066
1266
1028
1067
1267
1029
1068
1268
1030
1069
1269
1031
1070
1270
1032
1071
1271
1033
1072
1272
1034
1073
1273
1035
1074
1274
1036
1075
1275
1037
1076
1276
1038
1077
1277
1039
1078
1278
1079
1279
1041
1080
1280
1042
1081
1281
1043
1082
1282
1044
1083
1283
1045
1084
1284
1046
1085
1285
1047
1086
1286
1048
1087
1287
1049
1088
1288
1050
1089
1289
1051
1090
1290
1052
1091
1291
1053
1092
1292
1054
1093
1293
1055
1094
1294
1056
1095
1295
1057
1096
1296
1058
1097
1297
1059
1098
1298
1060
1099
1299
1061
1100
1300
1062
1101
1301
1063
1102
1302
1064
1103
1303
1065
1104
1304
1066
1105
1305
1067
1106
1306
1068
1107
1307
1069
1108
1308
1070
1109
1309
1071
1110
1310
1072
1111
1311
1073
1112
1312
1074
1113
1313
1075
1114
1314
1076
1115
1315
1077
1116
1316
1078
1117
1317
1079
1118
1318
1119
1319
1081
1120
1320
1082
1121
1321
1083
1122
1322
1084
1123
1323
1085
1124
1324
1086
1125
1325
1087
1126
1326
1088
1127
1327
1089
1128
1328
1090
1129
1329
1091
1130
1330
1092
1131
1331
1093
1132
1332
1094
1133
1333
1095
1134
1334
1096
1135
1335
1097
1136
1336
1098
1137
1337
1099
1138
1338
1100
1139
1339
1101
1140
1340
1102
1141
1341
1103
1142
1342
1104
1143
1343
1105
1144
1344
1106
1145
1345
1107
1146
1346
1108
1147
1347
1109
1148
1348
1110
1149
1349
1111
1150
1350
1112
1151
1351
1113
1152
1352
1114
1153
1353
1115
1154
1354
1116
1155
1355
1117
1156
1356
1118
1157
1357
1119
1158
1358
1159
1359
1121
1160
1360
1122
1161
1361
1123
1162
1362
1124
1163
1363
1125
1164
1364
1126
1165
1365
1127
1166
1366
1128
1167
1367
1129
1168
1368
1130
1169
1369
1131
1170
1370
1132
1171
1371
1133
1172
1372
1134
1173
1373
1135
1174
1374
1136
1175
1375
1137
1176
1376
1138
1177
1377
1139
1178
1378
1140
1179
1379
1141
1180
1380
1142
1181
1381
1143
1182
1382
1144
1183
1383
1145
1184
1384
1146
1185
1385
1147
1186
1386
1148
1187
1387
1149
1188
1388
1150
1189
1389
1151
1190
1390
1152
1191
1391
1153
1192
1392
1154
1193
1393
1155
1194
1394
1156
1195
1395
1157
1196
1396
1158
1197
1397
1159
1198
1398
1199
1399
1161
1400
1162
1401
1163
1402
1164
1403
1165
1404
1166
1405
1167
1406
1168
1407
1169
1408
1170
1409
1171
1410
1172
1411
1173
1412
1174
1413
1175
1414
1176
1415
1177
1416
1178
1417
1179
1418
1180
1419
1181
1420
1182
1421
1183
1422
1184
1423
1185
1424
1186
1425
1187
1426
1188
1427
1189
1428
1190
1429
1191
1430
1192
1431
1193
1432
1194
1433
1195
1434
1196
1435
1197
1436
1198
1437
1199
1438
1439
1201
1240
1440
1202
1241
1441
1203
1242
1442
1204
1243
1443
1205
1244
1444
1206
1245
1445
1207
1246
1446
1208
1247
1447
1209
1248
1448
1210
1249
1449
1211
1250
1450
1212
1251
1451
1213
1252
1452
1214
1253
1453
1215
1254
1454
1216
1255
1455
1217
1256
1456
1218
1257
1457
1219
1258
1458
1220
1259
1459
1221
1260
1460
1222
1261
1461
1223
1262
1462
1224
1263
1463
1225
1264
1464
1226
1265
1465
1227
1266
1466
1228
1267
1467
1229
1268
1468
1230
1269
1469
1231
1270
1470
1232
1271
1471
1233
1272
1472
1234
1273
1473
1235
1274
1474
1236
1275
1475
1237
1276
1476
1238
1277
1477
1239
1278
1478
1279
1479
1241
1280
1480
1242
1281
1481
1243
1282
1482
1244
1283
1483
1245
1284
1484
1246
1285
1485
1247
1286
1486
1248
1287
1487
1249
1288
1488
1250
1289
1489
1251
1290
1490
1252
1291
1491
1253
1292
1492
1254
1293
1493
1255
1294
1494
1256
1295
1495
1257
1296
1496
1258
1297
1497
1259
1298
1498
1260
1299
1499
1261
1300
1500
1262
1301
1501
1263
1302
1502
1264
1303
1503
1265
1304
1504
1266
1305
1505
1267
1306
1506
1268
1307
1507
1269
1308
1508
1270
1309
1509
1271
1310
1510
1272
1311
1511
1273
1312
1512
1274
1313
1513
1275
1314
1514
1276
1315
1515
1277
1316
1516
1278
1317
1517
1279
1318
1518
1319
1519
1281
1320
1520
1282
1321
1521
1283
1322
1522
1284
1323
1523
1285
1324
1524
1286
1325
1525
1287
1326
1526
1288
1327
1527
1289
1328
1528
1290
1329
1529
1291
1330
1530
1292
1331
1531
1293
1332
1532
1294
1333
1533
1295
1334
1534
1296
1335
1535
1297
1336
1536
1298
1337
1537
1299
1338
1538
1300
1339
1539
1301
1340
1540
1302
1341
1541
1303
1342
1542
1304
1343
1543
1305
1344
1544
1306
1345
1545
1307
1346
1546
1308
1347
1547
1309
1348
1548
1310
1349
1549
1311
1350
1550
1312
1351
1551
1313
1352
1552
1314
1353
1553
1315
1354
1554
1316
1355
1555
1317
1356
1556
1318
1357
1557
1319
1358
1558
1359
1559
1321
1360
1560
1322
1361
1561
1323
1362
1562
1324
1363
1563
1325
1364
1564
1326
1365
1565
1327
1366
1566
1328
1367
1567
1329
1368
1568
1330
1369
1569
1331
1370
1570
1332
1371
1571
1333
1372
1572
1334
1373
1573
1335
1374
1574
1336
1375
1575
1337
1376
1576
1338
1377
1577
1339
1378
1578
1340
1379
1579
1341
1380
1580
1342
1381
1581
1343
1382
1582
1344
1383
1583
1345
1384
1584
1346
1385
1585
1347
1386
1586
1348
1387
1587
1349
1388
1588
1350
1389
1589
1351
1390
1590
1352
1391
1591
1353
1392
1592
1354
1393
1593
1355
1394
1594
1356
1395
1595
1357
1396
1596
1358
1397
1597
1359
1398
1598
1399
1599
1361
1400
1600
1362
1401
1601
1363
1402
1602
1364
1403
1603
1365
1404
1604
1366
1405
1605
1367
1406
1606
1368
1407
1607
1369
1408
1608
1370
1409
1609
1371
1410
1610
1372
1411
1611
1373
1412
1612
1374
1413
1613
1375
1414
1614
1376
1415
1615
1377
1416
1616
1378
1417
1617
1379
1418
1618
1380
1419
1619
1381
1420
1620
1382
1421
1621
1383
1422
1622
1384
1423
1623
1385
1424
1624
1386
1425
1625
1387
1426
1626
1388
1427
1627
1389
1428
1628
1390
1429
1629
1391
1430
1630
1392
1431
1631
1393
1432
1632
1394
1433
1633
1395
1434
1634
1396
1435
1635
1397
1436
1636
1398
1437
1637
1399
1438
1638
1439
1639
1401
1640
1402
1641
1403
1642
1404
1643
1405
1644
1406
1645
1407
1646
1408
1647
1409
1648
1410
1649
1411
1650
1412
1651
1413
1652
1414
1653
1415
1654
1416
1655
1417
1656
1418
1657
1419
1658
1420
1659
1421
1660
1422
1661
1423
1662
1424
1663
1425
1664
1426
1665
1427
1666
1428
1667
1429
1668
1430
1669
1431
1670
1432
1671
1433
1672
1434
1673
1435
1674
1436
1675
1437
1676
1438
1677
1439
1678
1679
1441
1480
1680
1442
1481
1681
1443
1482
1682
1444
1483
1683
1445
1484
1684
1446
1485
1685
1447
1486
1686
1448
1487
1687
1449
1488
1688
1450
1489
1689
1451
1490
1690
1452
1491
1691
1453
1492
1692
1454
1493
1693
1455
1494
1694
1456
1495
1695
1457
1496
1696
1458
1497
1697
1459
1498
1698
1460
1499
1699
1461
1500
1700
1462
1501
1701
1463
1502
1702
1464
1503
1703
1465
1504
1704
1466
1505
1705
1467
1506
1706
1468
1507
1707
1469
1508
1708
1470
1509
1709
1471
1510
1710
1472
1511
1711
1473
1512
1712
1474
1513
1713
1475
1514
1714
1476
1515
1715
1477
1516
1716
1478
1517
1717
1479
1518
1718
1519
1719
1481
1520
1720
1482
1521
1721
1483
1522
1722
1484
1523
1723
1485
1524
1724
1486
1525
1725
1487
1526
1726
1488
1527
1727
1489
1528
1728
1490
1529
1729
1491
1530
1730
1492
1531
1731
1493
1532
1732
1494
1533
1733
1495
1534
1734
1496
1535
1735
1497
1536
1736
1498
1537
1737
1499
1538
1738
1500
1539
1739
1501
1540
1740
1502
1541
1741
1503
1542
1742
1504
1543
1743
1505
1544
1744
1506
1545
1745
1507
1546
1746
1508
1547
1747
1509
1548
1748
1510
1549
1749
1511
1550
1750
1512
1551
1751
1513
1552
1752
1514
1553
1753
1515
1554
1754
1516
1555
1755
1517
1556
1756
1518
1557
1757
1519
1558
1758
1559
1759
1521
1560
1760
1522
1561
1761
1523
1562
1762
1524
1563
1763
1525
1564
1764
1526
1565
1765
1527
1566
1766
1528
1567
1767
1529
1568
1768
1530
1569
1769
1531
1570
1770
1532
1571
1771
1533
1572
1772
1534
1573
1773
1535
1574
1774
1536
1575
1775
1537
1576
1776
1538
1577
1777
1539
1578
1778
1540
1579
1779
1541
1580
1780
1542
1581
1781
1543
1582
1782
1544
1583
1783
1545
1584
1784
1546
1585
1785
1547
1586
1786
1548
1587
1787
1549
1588
1788
1550
1589
1789
1551
1590
1790
1552
1591
1791
1553
1592
1792
1554
1593
1793
1555
1594
1794
1556
1595
1795
1557
1596
1796
1558
1597
1797
1559
1598
1798
1599
1799
1561
1600
1800
1562
1601
1801
1563
1602
1802
1564
1603
1803
1565
1604
1804
1566
1605
1805
1567
1606
1806
1568
1607
1807
1569
1608
1808
1570
1609
1809
1571
1610
1810
1572
1611
1811
1573
1612
1812
1574
1613
1813
1575
1614
1814
1576
1615
1815
1577
1616
1816
1578
1617
1817
1579
1618
1818
1580
1619
1819
1581
1620
1820
1582
1621
1821
1583
1622
1822
1584
1623
1823
1585
1624
1824
1586
1625
1825
1587
1626
1826
1588
1627
1827
1589
1628
1828
1590
1629
1829
1591
1630
1830
1592
1631
1831
1593
1632
1832
1594
1633
1833
1595
1634
1834
1596
1635
1835
1597
1636
1836
1598
1637
1837
1599
1638
1838
1639
1839
1601
1640
1840
1602
1641
1841
1603
1642
1842
1604
1643
1843
1605
1644
1844
1606
1645
1845
1607
1646
1846
1608
1647
1847
1609
1648
1848
1610
1649
1849
1611
1650
1850
1612
1651
1851
1613
1652
1852
1614
1653
1853
1615
1654
1854
1616
1655
1855
1617
1656
1856
1618
1657
1857
1619
1658
1858
1620
1659
1859
1621
1660
1860
1622
1661
1861
1623
1662
1862
1624
1663
1863
1625
1664
1864
1626
1665
1865
1627
1666
1866
1628
1667
1867
1629
1668
1868
1630
1669
1869
1631
1670
1870
1632
1671
1871
1633
1672
1872
1634
1673
1873
1635
1674
1874
1636
1675
1875
1637
1676
1876
1638
1677
1877
1639
1678
1878
1679
1879
1641
1880
1642
1881
1643
1882
1644
1883
1645
1884
1646
1885
1647
1886
1648
1887
1649
1888
1650
1889
1651
1890
1652
1891
1653
1892
1654
1893
1655
1894
1656
1895
1657
1896
1658
1897
1659
1898
1660
1899
1661
1900
1662
1901
1663
1902
1664
1903
1665
1904
1666
1905
1667
1906
1668
1907
1669
1908
1670
1909
1671
1910
1672
1911
1673
1912
1674
1913
1675
1914
1676
1915
1677
1916
1678
1917
1679
1918
1919
1681
1720
1920
1682
1721
1921
1683
1722
1922
1684
1723
1923
1685
1724
1924
1686
1725
1925
1687
1726
1926
1688
1727
1927
1689
1728
1928
1690
1729
1929
1691
1730
1930
1692
1731
1931
1693
1732
1932
1694
1733
1933
1695
1734
1934
1696
1735
1935
1697
1736
1936
1698
1737
1937
1699
1738
1938
1700
1739
1939
1701
1740
1940
1702
1741
1941
1703
1742
1942
1704
1743
1943
1705
1744
1944
1706
1745
1945
1707
1746
1946
1708
1747
1947
1709
1748
1948
1710
1749
1949
1711
1750
1950
1712
1751
1951
1713
1752
1952
1714
1753
1953
1715
1754
1954
1716
1755
1955
1717
1756
1956
1718
1757
1957
1719
1758
1958
1759
1959
1721
1760
1960
1722
1761
1961
1723
1762
1962
1724
1763
1963
1725
1764
1964
1726
1765
1965
1727
1766
1966
1728
1767
1967
1729
1768
1968
1730
1769
1969
1731
1770
1970
1732
1771
1971
1733
1772
1972
1734
1773
1973
1735
1774
1974
1736
1775
1975
1737
1776
1976
1738
1777
1977
1739
1778
1978
1740
1779
1979
1741
1780
1980
1742
1781
1981
1743
1782
1982
1744
1783
1983
1745
1784
1984
1746
1785
1985
1747
1786
1986
1748
1787
1987
1749
1788
1988
1750
1789
1989
1751
1790
1990
1752
1791
1991
1753
1792
1992
1754
1793
1993
1755
1794
1994
1756
1795
1995
1757
1796
1996
1758
1797
1997
1759
1798
1998
1799
1999
1761
1800
2000
1762
1801
2001
1763
1802
2002
1764
1803
2003
1765
1804
2004
1766
1805
2005
1767
1806
2006
1768
1807
2007
1769
1808
2008
1770
1809
2009
1771
1810
2010
1772
1811
2011
1773
1812
2012
1774
1813
2013
1775
1814
2014
1776
1815
2015
1777
1816
2016
1778
1817
2017
1779
1818
2018
1780
1819
2019
1781
1820
2020
1782
1821
2021
1783
1822
2022
1784
1823
2023
1785
1824
2024
1786
1825
2025
1787
1826
2026
1788
1827
2027
1789
1828
2028
1790
1829
2029
1791
1830
2030
1792
1831
2031
1793
1832
2032
1794
1833
2033
1795
1834
2034
1796
1835
2035
1797
1836
2036
1798
1837
2037
1799
1838
2038
1839
2039
1801
1840
2040
1802
1841
2041
1803
1842
2042
1804
1843
2043
1805
1844
2044
1806
1845
2045
1807
1846
2046
1808
1847
2047
1809
1848
2048
1810
1849
2049
1811
1850
2050
1812
1851
2051
1813
1852
2052
1814
1853
2053
1815
1854
2054
1816
1855
2055
1817
1856
2056
1818
1857
2057
1819
1858
2058
1820
1859
2059
1821
1860
2060
1822
1861
2061
1823
1862
2062
1824
1863
2063
1825
1864
2064
1826
1865
2065
1827
1866
2066
1828
1867
2067
1829
1868
2068
1830
1869
2069
1831
1870
2070
1832
1871
2071
1833
1872
2072
1834
1873
2073
1835
1874
2074
1836
1875
2075
1837
1876
2076
1838
1877
2077
1839
1878
2078
1879
2079
1841
1880
2080
1842
1881
2081
1843
1882
2082
1844
1883
2083
1845
1884
2084
1846
1885
2085
1847
1886
2086
1848
1887
2087
1849
1888
2088
1850
1889
2089
1851
1890
2090
1852
1891
2091
1853
1892
2092
1854
1893
2093
1855
1894
2094
1856
1895
2095
1857
1896
2096
1858
1897
2097
1859
1898
2098
1860
1899
2099
1861
1900
2100
1862
1901
2101
1863
1902
2102
1864
1903
2103
1865
1904
2104
1866
1905
2105
1867
1906
2106
1868
1907
2107
1869
1908
2108
1870
1909
2109
1871
1910
2110
1872
1911
2111
1873
1912
2112
1874
1913
2113
1875
1914
2114
1876
1915
2115
1877
1916
2116
1878
1917
2117
1879
1918
2118
1919
2119
1881
2120
1882
2121
1883
2122
1884
2123
1885
2124
1886
2125
1887
2126
1888
2127
1889
2128
1890
2129
1891
2130
1892
2131
1893
2132
1894
2133
1895
2134
1896
2135
1897
2136
1898
2137
1899
2138
1900
2139
1901
2140
1902
2141
1903
2142
1904
2143
1905
2144
1906
2145
1907
2146
1908
2147
1909
2148
1910
2149
1911
2150
1912
2151
1913
2152
1914
2153
1915
2154
1916
2155
1917
2156
1918
2157
1919
2158
2159
1921
1960
2160
1922
1961
2161
1923
1962
2162
1924
1963
2163
1925
1964
2164
1926
1965
2165
1927
1966
2166
1928
1967
2167
1929
1968
2168
1930
1969
2169
1931
1970
2170
1932
1971
2171
1933
1972
2172
1934
1973
2173
1935
1974
2174
1936
1975
2175
1937
1976
2176
1938
1977
2177
1939
1978
2178
1940
1979
2179
1941
1980
2180
1942
1981
2181
1943
1982
2182
1944
1983
2183
1945
1984
2184
1946
1985
2185
1947
1986
2186
1948
1987
2187
1949
1988
2188
1950
1989
2189
1951
1990
2190
1952
1991
2191
1953
1992
2192
1954
1993
2193
1955
1994
2194
1956
1995
2195
1957
1996
2196
1958
1997
2197
1959
1998
2198
1999
2199
1961
2000
2200
1962
2001
2201
1963
2002
2202
1964
2003
2203
1965
2004
2204
1966
2005
2205
1967
2006
2206
1968
2007
2207
1969
2008
2208
1970
2009
2209
1971
2010
2210
1972
2011
2211
1973
2012
2212
1974
2013
2213
1975
2014
2214
1976
2015
2215
1977
2016
2216
1978
2017
2217
1979
2018
2218
1980
2019
2219
1981
2020
2220
1982
2021
2221
1983
2022
2222
1984
2023
2223
1985
2024
2224
1986
2025
2225
1987
2026
2226
1988
2027
2227
1989
2028
2228
1990
2029
2229
1991
2030
2230
1992
2031
2231
1993
2032
2232
1994
2033
2233
1995
2034
2234
1996
2035
2235
1997
2036
2236
1998
2037
2237
1999
2038
2238
2039
2239
2001
2040
2240
2002
2041
2241
2003
2042
2242
2004
2043
2243
2005
2044
2244
2006
2045
2245
2007
2046
2246
2008
2047
2247
2009
2048
2248
2010
2049
2249
2011
2050
2250
2012
2051
2251
2013
2052
2252
2014
2053
2253
2015
2054
2254
2016
2055
2255
2017
2056
2256
2018
2057
2257
2019
2058
2258
2020
2059
2259
2021
2060
2260
2022
2061
2261
2023
2062
2262
2024
2063
2263
2025
2064
2264
2026
2065
2265
2027
2066
2266
2028
2067
2267
2029
2068
2268
2030
2069
2269
2031
2070
2270
2032
2071
2271
2033
2072
2272
2034
2073
2273
2035
2074
2274
2036
2075
2275
2037
2076
2276
2038
2077
2277
2039
2078
2278
2079
2279
2041
2080
2280
2042
2081
2281
2043
2082
2282
2044
2083
2283
2045
2084
2284
2046
2085
2285
2047
2086
2286
2048
2087
2287
2049
2088
2288
2050
2089
2289
2051
2090
2290
2052
2091
2291
2053
2092
2292
2054
2093
2293
2055
2094
2294
2056
2095
2295
2057
2096
2296
2058
2097
2297
2059
2098
2298
2060
2099
2299
2061
2100
2300
2062
2101
2301
2063
2102
2302
2064
2103
2303
2065
2104
2304
2066
2105
2305
2067
2106
2306
2068
2107
2307
2069
2108
2308
2070
2109
2309
2071
2110
2310
2072
2111
2311
2073
2112
2312
2074
2113
2313
2075
2114
2314
2076
2115
2315
2077
2116
2316
2078
2117
2317
2079
2118
2318
2119
2319
2081
2120
2320
2082
2121
2321
2083
2122
2322
2084
2123
2323
2085
2124
2324
2086
2125
2325
2087
2126
2326
2088
2127
2327
2089
2128
2328
2090
2129
2329
2091
2130
2330
2092
2131
2331
2093
2132
2332
2094
2133
2333
2095
2134
2334
2096
2135
2335
2097
2136
2336
2098
2137
2337
2099
2138
2338
2100
2139
2339
2101
2140
2340
2102
2141
2341
2103
2142
2342
2104
2143
2343
2105
2144
2344
2106
2145
2345
2107
2146
2346
2108
2147
2347
2109
2148
2348
2110
2149
2349
2111
2150
2350
2112
2151
2351
2113
2152
2352
2114
2153
2353
2115
2154
2354
2116
2155
2355
2117
2156
2356
2118
2157
2357
2119
2158
2358
2159
2359
2121
2360
2122
2361
2123
2362
2124
2363
2125
2364
2126
2365
2127
2366
2128
2367
2129
2368
2130
2369
2131
2370
2132
2371
2133
2372
2134
2373
2135
2374
2136
2375
2137
2376
2138
2377
2139
2378
2140
2379
2141
2380
2142
2381
2143
2382
2144
2383
2145
2384
2146
2385
2147
2386
2148
2387
2149
2388
2150
2389
2151
2390
2152
2391
2153
2392
2154
2393
2155
2394
2156
2395
2157
2396
2158
2397
2159
2398
2399
2161
2200
2400
2162
2201
2401
2163
2202
2402
2164
2203
2403
2165
2204
2404
2166
2205
2405
2167
2206
2406
2168
2207
2407
2169
2208
2408
2170
2209
2409
2171
2210
2410
2172
2211
2411
2173
2212
2412
2174
2213
2413
2175
2214
2414
2176
2215
2415
2177
2216
2416
2178
2217
2417
2179
2218
2418
2180
2219
2419
2181
2220
2420
2182
2221
2421
2183
2222
2422
2184
2223
2423
2185
2224
2424
2186
2225
2425
2187
2226
2426
2188
2227
2427
2189
2228
2428
2190
2229
2429
2191
2230
2430
2192
2231
2431
2193
2232
2432
2194
2233
2433
2195
2234
2434
2196
2235
2435
2197
2236
2436
2198
2237
2437
2199
2238
2438
2239
2439
2201
2240
2440
2202
2241
2441
2203
2242
2442
2204
2243
2443
2205
2244
2444
2206
2245
2445
2207
2246
2446
2208
2247
2447
2209
2248
2448
2210
2249
2449
2211
2250
2450
2212
2251
2451
2213
2252
2452
2214
2253
2453
2215
2254
2454
2216
2255
2455
2217
2256
2456
2218
2257
2457
2219
2258
2458
2220
2259
2459
2221
2260
2460
2222
2261
2461
2223
2262
2462
2224
2263
2463
2225
2264
2464
2226
2265
2465
2227
2266
2466
2228
2267
2467
2229
2268
2468
2230
2269
2469
2231
2270
2470
2232
2271
2471
2233
2272
2472
2234
2273
2473
2235
2274
2474
2236
2275
2475
2237
2276
2476
2238
2277
2477
2239
2278
2478
2279
2479
2241
2280
2480
2242
2281
2481
2243
2282
2482
2244
2283
2483
2245
2284
2484
2246
2285
2485
2247
2286
2486
2248
2287
2487
2249
2288
2488
2250
2289
2489
2251
2290
2490
2252
2291
2491
2253
2292
2492
2254
2293
2493
2255
2294
2494
2256
2295
2495
2257
2296
2496
2258
2297
2497
2259
2298
2498
2260
2299
2499
2261
2300
2500
2262
2301
2501
2263
2302
2502
2264
2303
2503
2265
2304
2504
2266
2305
2505
2267
2306
2506
2268
2307
2507
2269
2308
2508
2270
2309
2509
2271
2310
2510
2272
2311
2511
2273
2312
2512
2274
2313
2513
2275
2314
2514
2276
2315
2515
2277
2316
2516
2278
2317
2517
2279
2318
2518
2319
2519
2281
2320
2520
2282
2321
2521
2283
2322
2522
2284
2323
2523
2285
2324
2524
2286
2325
2525
2287
2326
2526
2288
2327
2527
2289
2328
2528
2290
2329
2529
2291
2330
2530
2292
2331
2531
2293
2332
2532
2294
2333
2533
2295
2334
2534
2296
2335
2535
2297
2336
2536
2298
2337
2537
2299
2338
2538
2300
2339
2539
2301
2340
2540
2302
2341
2541
2303
2342
2542
2304
2343
2543
2305
2344
2544
2306
2345
2545
2307
2346
2546
2308
2347
2547
2309
2348
2548
2310
2349
2549
2311
2350
2550
2312
2351
2551
2313
2352
2552
2314
2353
2553
2315
2354
2554
2316
2355
2555
2317
2356
2556
2318
2357
2557
2319
2358
2558
2359
2559
2321
2360
2560
2322
2361
2561
2323
2362
2562
2324
2363
2563
2325
2364
2564
2326
2365
2565
2327
2366
2566
2328
2367
2567
2329
2368
2568
2330
2369
2569
2331
2370
2570
2332
2371
2571
2333
2372
2572
2334
2373
2573
2335
2374
2574
2336
2375
2575
2337
2376
2576
2338
2377
2577
2339
2378
2578
2340
2379
2579
2341
2380
2580
2342
2381
2581
2343
2382
2582
2344
2383
2583
2345
2384
2584
2346
2385
2585
2347
2386
2586
2348
2387
2587
2349
2388
2588
2350
2389
2589
2351
2390
2590
2352
2391
2591
2353
2392
2592
2354
2393
2593
2355
2394
2594
2356
2395
2595
2357
2396
2596
2358
2397
2597
2359
2398
2598
2399
2599
2361
2600
2362
2601
2363
2602
2364
2603
2365
2604
2366
2605
2367
2606
2368
2607
2369
2608
2370
2609
2371
2610
2372
2611
2373
2612
2374
2613
2375
2614
2376
2615
2377
2616
2378
2617
2379
2618
2380
2619
2381
2620
2382
2621
2383
2622
2384
2623
2385
2624
2386
2625
2387
2626
2388
2627
2389
2628
2390
2629
2391
2630
2392
2631
2393
2632
2394
2633
2395
2634
2396
2635
2397
2636
2398
2637
2399
2638
2639
2401
2440
2640
2402
2441
2641
2403
2442
2642
2404
2443
2643
2405
2444
2644
2406
2445
2645
2407
2446
2646
2408
2447
2647
2409
2448
2648
2410
2449
2649
2411
2450
2650
2412
2451
2651
2413
2452
2652
2414
2453
2653
2415
2454
2654
2416
2455
2655
2417
2456
2656
2418
2457
2657
2419
2458
2658
2420
2459
2659
2421
2460
2660
2422
2461
2661
2423
2462
2662
2424
2463
2663
2425
2464
2664
2426
2465
2665
2427
2466
2666
2428
2467
2667
2429
2468
2668
2430
2469
2669
2431
2470
2670
2432
2471
2671
2433
2472
2672
2434
2473
2673
2435
2474
2674
2436
2475
2675
2437
2476
2676
2438
2477
2677
2439
2478
2678
2479
2679
2441
2480
2680
2442
2481
2681
2443
2482
2682
2444
2483
2683
2445
2484
2684
2446
2485
2685
2447
2486
2686
2448
2487
2687
2449
2488
2688
2450
2489
2689
2451
2490
2690
2452
2491
2691
2453
2492
2692
2454
2493
2693
2455
2494
2694
2456
2495
2695
2457
2496
2696
2458
2497
2697
2459
2498
2698
2460
2499
2699
2461
2500
2700
2462
2501
2701
2463
2502
2702
2464
2503
2703
2465
2504
2704
2466
2505
2705
2467
2506
2706
2468
2507
2707
2469
2508
2708
2470
2509
2709
2471
2510
2710
2472
2511
2711
2473
2512
2712
2474
2513
2713
2475
2514
2714
2476
2515
2715
2477
2516
2716
2478
2517
2717
2479
2518
2718
2519
2719
2481
2520
2720
2482
2521
2721
2483
2522
2722
2484
2523
2723
2485
2524
2724
2486
2525
2725
2487
2526
2726
2488
2527
2727
2489
2528
2728
2490
2529
2729
2491
2530
2730
2492
2531
2731
2493
2532
2732
2494
2533
2733
2495
2534
2734
2496
2535
2735
2497
2536
2736
2498
2537
2737
2499
2538
2738
2500
2539
2739
2501
2540
2740
2502
2541
2741
2503
2542
2742
2504
2543
2743
2505
2544
2744
2506
2545
2745
2507
2546
2746
2508
2547
2747
2509
2548
2748
2510
2549
2749
2511
2550
2750
2512
2551
2751
2513
2552
2752
2514
2553
2753
2515
2554
2754
2516
2555
2755
2517
2556
2756
2518
2557
2757
2519
2558
2758
2559
2759
2521
2560
2760
2522
2561
2761
2523
2562
2762
2524
2563
2763
2525
2564
2764
2526
2565
2765
2527
2566
2766
2528
2567
2767
2529
2568
2768
2530
2569
2769
2531
2570
2770
2532
2571
2771
2533
2572
2772
2534
2573
2773
2535
2574
2774
2536
2575
2775
2537
2576
2776
2538
2577
2777
2539
2578
2778
2540
2579
2779
2541
2580
2780
2542
2581
2781
2543
2582
2782
2544
2583
2783
2545
2584
2784
2546
2585
2785
2547
2586
2786
2548
2587
2787
2549
2588
2788
2550
2589
2789
2551
2590
2790
2552
2591
2791
2553
2592
2792
2554
2593
2793
2555
2594
2794
2556
2595
2795
2557
2596
2796
2558
2597
2797
2559
2598
2798
2599
2799
2561
2600
2800
2562
2601
2801
2563
2602
2802
2564
2603
2803
2565
2604
2804
2566
2605
2805
2567
2606
2806
2568
2607
2807
2569
2608
2808
2570
2609
2809
2571
2610
2810
2572
2611
2811
2573
2612
2812
2574
2613
2813
2575
2614
2814
2576
2615
2815
2577
2616
2816
2578
2617
2817
2579
2618
2818
2580
2619
2819
2581
2620
2820
2582
2621
2821
2583
2622
2822
2584
2623
2823
2585
2624
2824
2586
2625
2825
2587
2626
2826
2588
2627
2827
2589
2628
2828
2590
2629
2829
2591
2630
2830
2592
2631
2831
2593
2632
2832
2594
2633
2833
2595
2634
2834
2596
2635
2835
2597
2636
2836
2598
2637
2837
2599
2638
2838
2639
2839
2601
2840
2602
2841
2603
2842
2604
2843
2605
2844
2606
2845
2607
2846
2608
2847
2609
2848
2610
2849
2611
2850
2612
2851
2613
2852
2614
2853
2615
2854
2616
2855
2617
2856
2618
2857
2619
2858
2620
2859
2621
2860
2622
2861
2623
2862
2624
2863
2625
2864
2626
2865
2627
2866
2628
2867
2629
2868
2630
2869
2631
2870
2632
2871
2633
2872
2634
2873
2635
2874
2636
2875
2637
2876
2638
2877
2639
2878
2879
2641
2680
2880
2642
2681
2881
2643
2682
2882
2644
2683
2883
2645
2684
2884
2646
2685
2885
2647
2686
2886
2648
2687
2887
2649
2688
2888
2650
2689
2889
2651
2690
2890
2652
2691
2891
2653
2692
2892
2654
2693
2893
2655
2694
2894
2656
2695
2895
2657
2696
2896
2658
2697
2897
2659
2698
2898
2660
2699
2899
2661
2700
2900
2662
2701
2901
2663
2702
2902
2664
2703
2903
2665
2704
2904
2666
2705
2905
2667
2706
2906
2668
2707
2907
2669
2708
2908
2670
2709
2909
2671
2710
2910
2672
2711
2911
2673
2712
2912
2674
2713
2913
2675
2714
2914
2676
2715
2915
2677
2716
2916
2678
2717
2917
2679
2718
2918
2719
2919
2681
2720
2920
2682
2721
2921
2683
2722
2922
2684
2723
2923
2685
2724
2924
2686
2725
2925
2687
2726
2926
2688
2727
2927
2689
2728
2928
2690
2729
2929
2691
2730
2930
2692
2731
2931
2693
2732
2932
2694
2733
2933
2695
2734
2934
2696
2735
2935
2697
2736
2936
2698
2737
2937
2699
2738
2938
2700
2739
2939
2701
2740
2940
2702
2741
2941
2703
2742
2942
2704
2743
2943
2705
2744
2944
2706
2745
2945
2707
2746
2946
2708
2747
2947
2709
2748
2948
2710
2749
2949
2711
2750
2950
2712
2751
2951
2713
2752
2952
2714
2753
2953
2715
2754
2954
2716
2755
2955
2717
2756
2956
2718
2757
2957
2719
2758
2958
2759
2959
2721
2760
2960
2722
2761
2961
2723
2762
2962
2724
2763
2963
2725
2764
2964
2726
2765
2965
2727
2766
2966
2728
2767
2967
2729
2768
2968
2730
2769
2969
2731
2770
2970
2732
2771
2971
2733
2772
2972
2734
2773
2973
2735
2774
2974
2736
2775
2975
2737
2776
2976
2738
2777
2977
2739
2778
2978
2740
2779
2979
2741
2780
2980
2742
2781
2981
2743
2782
2982
2744
2783
2983
2745
2784
2984
2746
2785
2985
2747
2786
2986
2748
2787
2987
2749
2788
2988
2750
2789
2989
2751
2790
2990
2752
2791
2991
2753
2792
2992
2754
2793
2993
2755
2794
2994
2756
2795
2995
2757
2796
2996
2758
2797
2997
2759
2798
2998
2799
2999
2761
2800
3000
2762
2801
3001
2763
2802
3002
2764
2803
3003
2765
2804
3004
2766
2805
3005
2767
2806
3006
2768
2807
3007
2769
2808
3008
2770
2809
3009
2771
2810
3010
2772
2811
3011
2773
2812
3012
2774
2813
3013
2775
2814
3014
2776
2815
3015
2777
2816
3016
2778
2817
3017
2779
2818
3018
2780
2819
3019
2781
2820
3020
2782
2821
3021
2783
2822
3022
2784
2823
3023
2785
2824
3024
2786
2825
3025
2787
2826
3026
2788
2827
3027
2789
2828
3028
2790
2829
3029
2791
2830
3030
2792
2831
3031
2793
2832
3032
2794
2833
3033
2795
2834
3034
2796
2835
3035
2797
2836
3036
2798
2837
3037
2799
2838
3038
2839
3039
2801
2840
3040
2802
2841
3041
2803
2842
3042
2804
2843
3043
2805
2844
3044
2806
2845
3045
2807
2846
3046
2808
2847
3047
2809
2848
3048
2810
2849
3049
2811
2850
3050
2812
2851
3051
2813
2852
3052
2814
2853
3053
2815
2854
3054
2816
2855
3055
2817
2856
3056
2818
2857
3057
2819
2858
3058
2820
2859
3059
2821
2860
3060
2822
2861
3061
2823
2862
3062
2824
2863
3063
2825
2864
3064
2826
2865
3065
2827
2866
3066
2828
2867
3067
2829
2868
3068
2830
2869
3069
2831
2870
3070
2832
2871
3071
2833
2872
3072
2834
2873
3073
2835
2874
3074
2836
2875
3075
2837
2876
3076
2838
2877
3077
2839
2878
3078
2879
3079
2841
3080
2842
3081
2843
3082
2844
3083
2845
3084
2846
3085
2847
3086
2848
3087
2849
3088
2850
3089
2851
3090
2852
3091
2853
3092
2854
3093
2855
3094
2856
3095
2857
3096
2858
3097
2859
3098
2860
3099
2861
3100
2862
3101
2863
3102
2864
3103
2865
3104
2866
3105
2867
3106
2868
3107
2869
3108
2870
3109
2871
3110
2872
3111
2873
3112
2874
3113
2875
3114
2876
3115
2877
3116
2878
3117
2879
3118
3119
2881
2920
3120
2882
2921
3121
2883
2922
3122
2884
2923
3123
2885
2924
3124
2886
2925
3125
2887
2926
3126
2888
2927
3127
2889
2928
3128
2890
2929
3129
2891
2930
3130
2892
2931
3131
2893
2932
3132
2894
2933
3133
2895
2934
3134
2896
2935
3135
2897
2936
3136
2898
2937
3137
2899
2938
3138
2900
2939
3139
2901
2940
3140
2902
2941
3141
2903
2942
3142
2904
2943
3143
2905
2944
3144
2906
2945
3145
2907
2946
3146
2908
2947
3147
2909
2948
3148
2910
2949
3149
2911
2950
3150
2912
2951
3151
2913
2952
3152
2914
2953
3153
2915
2954
3154
2916
2955
3155
2917
2956
3156
2918
2957
3157
2919
2958
3158
2959
3159
2921
2960
3160
2922
2961
3161
2923
2962
3162
2924
2963
3163
2925
2964
3164
2926
2965
3165
2927
2966
3166
2928
2967
3167
2929
2968
3168
2930
2969
3169
2931
2970
3170
2932
2971
3171
2933
2972
3172
2934
2973
3173
2935
2974
3174
2936
2975
3175
2937
2976
3176
2938
2977
3177
2939
2978
3178
2940
2979
3179
2941
2980
3180
2942
2981
3181
2943
2982
3182
2944
2983
3183
2945
2984
3184
2946
2985
3185
2947
2986
3186
2948
2987
3187
2949
2988
3188
2950
2989
3189
2951
2990
3190
2952
2991
3191
2953
2992
3192
2954
2993
3193
2955
2994
3194
2956
2995
3195
2957
2996
3196
2958
2997
3197
2959
2998
3198
2999
3199
2961
3000
3200
2962
3001
3201
2963
3002
3202
2964
3003
3203
2965
3004
3204
2966
3005
3205
2967
3006
3206
2968
3007
3207
2969
3008
3208
2970
3009
3209
2971
3010
3210
2972
3011
3211
2973
3012
3212
2974
3013
3213
2975
3014
3214
2976
3015
3215
2977
3016
3216
2978
3017
3217
2979
3018
3218
2980
3019
3219
2981
3020
3220
2982
3021
3221
2983
3022
3222
2984
3023
3223
2985
3024
3224
2986
3025
3225
2987
3026
3226
2988
3027
3227
2989
3028
3228
2990
3029
3229
2991
3030
3230
2992
3031
3231
2993
3032
3232
2994
3033
3233
2995
3034
3234
2996
3035
3235
2997
3036
3236
2998
3037
3237
2999
3038
3238
3039
3239
3001
3040
3240
3002
3041
3241
3003
3042
3242
3004
3043
3243
3005
3044
3244
3006
3045
3245
3007
3046
3246
3008
3047
3247
3009
3048
3248
3010
3049
3249
3011
3050
3250
3012
3051
3251
3013
3052
3252
3014
3053
3253
3015
3054
3254
3016
3055
3255
3017
3056
3256
3018
3057
3257
3019
3058
3258
3020
3059
3259
3021
3060
3260
3022
3061
3261
3023
3062
3262
3024
3063
3263
3025
3064
3264
3026
3065
3265
3027
3066
3266
3028
3067
3267
3029
3068
3268
3030
3069
3269
3031
3070
3270
3032
3071
3271
3033
3072
3272
3034
3073
3273
3035
3074
3274
3036
3075
3275
3037
3076
3276
3038
3077
3277
3039
3078
3278
3079
3279
3041
3080
3280
3042
3081
3281
3043
3082
3282
3044
3083
3283
3045
3084
3284
3046
3085
3285
3047
3086
3286
3048
3087
3287
3049
3088
3288
3050
3089
3289
3051
3090
3290
3052
3091
3291
3053
3092
3292
3054
3093
3293
3055
3094
3294
3056
3095
3295
3057
3096
3296
3058
3097
3297
3059
3098
3298
3060
3099
3299
3061
3100
3300
3062
3101
3301
3063
3102
3302
3064
3103
3303
3065
3104
3304
3066
3105
3305
3067
3106
3306
3068
3107
3307
3069
3108
3308
3070
3109
3309
3071
3110
3310
3072
3111
3311
3073
3112
3312
3074
3113
3313
3075
3114
3314
3076
3115
3315
3077
3116
3316
3078
3117
3317
3079
3118
3318
3119
3319
3081
3320
3082
3321
3083
3322
3084
3323
3085
3324
3086
3325
3087
3326
3088
3327
3089
3328
3090
3329
3091
3330
3092
3331
3093
3332
3094
3333
3095
3334
3096
3335
3097
3336
3098
3337
3099
3338
3100
3339
3101
3340
3102
3341
3103
3342
3104
3343
3105
3344
3106
3345
3107
3346
3108
3347
3109
3348
3110
3349
3111
3350
3112
3351
3113
3352
3114
3353
3115
3354
3116
3355
3117
3356
3118
3357
3119
3358
3359
3121
3160
3122
3161
3123
3162
3124
3163
3125
3164
3126
3165
3127
3166
3128
3167
3129
3168
3130
3169
3131
3170
3132
3171
3133
3172
3134
3173
3135
3174
3136
3175
3137
3176
3138
3177
3139
3178
3140
3179
3141
3180
3142
3181
3143
3182
3144
3183
3145
3184
3146
3185
3147
3186
3148
3187
3149
3188
3150
3189
3151
3190
3152
3191
3153
3192
3154
3193
3155
3194
3156
3195
3157
3196
3158
3197
3159
3198
3199
3161
3200
3162
3201
3163
3202
3164
3203
3165
3204
3166
3205
3167
3206
3168
3207
3169
3208
3170
3209
3171
3210
3172
3211
3173
3212
3174
3213
3175
3214
3176
3215
3177
3216
3178
3217
3179
3218
3180
3219
3181
3220
3182
3221
3183
3222
3184
3223
3185
3224
3186
3225
3187
3226
3188
3227
3189
3228
3190
3229
3191
3230
3192
3231
3193
3232
3194
3233
3195
3234
3196
3235
3197
3236
3198
3237
3199
3238
3239
3201
3240
3202
3241
3203
3242
3204
3243
3205
3244
3206
3245
3207
3246
3208
3247
3209
3248
3210
3249
3211
3250
3212
3251
3213
3252
3214
3253
3215
3254
3216
3255
3217
3256
3218
3257
3219
3258
3220
3259
3221
3260
3222
3261
3223
3262
3224
3263
3225
3264
3226
3265
3227
3266
3228
3267
3229
3268
3230
3269
3231
3270
3232
3271
3233
3272
3234
3273
3235
3274
3236
3275
3237
3276
3238
3277
3239
3278
3279
3241
3280
3242
3281
3243
3282
3244
3283
3245
3284
3246
3285
3247
3286
3248
3287
3249
3288
3250
3289
3251
3290
3252
3291
3253
3292
3254
3293
3255
3294
3256
3295
3257
3296
3258
3297
3259
3298
3260
3299
3261
3300
3262
3301
3263
3302
3264
3303
3265
3304
3266
3305
3267
3306
3268
3307
3269
3308
3270
3309
3271
3310
3272
3311
3273
3312
3274
3313
3275
3314
3276
3315
3277
3316
3278
3317
3279
3318
3319
3281
3320
3282
3321
3283
3322
3284
3323
3285
3324
3286
3325
3287
3326
3288
3327
3289
3328
3290
3329
3291
3330
3292
3331
3293
3332
3294
3333
3295
3334
3296
3335
3297
3336
3298
3337
3299
3338
3300
3339
3301
3340
3302
3341
3303
3342
3304
3343
3305
3344
3306
3345
3307
3346
3308
3347
3309
3348
3310
3349
3311
3350
3312
3351
3313
3352
3314
3353
3315
3354
3316
3355
3317
3356
3318
3357
3319
3358
3359
3321
3322
3323
3324
3325
3326
3327
3328
3329
3330
3331
3332
3333
3334
3335
3336
3337
3338
3339
3340
3341
3342
3343
3344
3345
3346
3347
3348
3349
3350
3351
3352
3353
3354
3355
3356
3357
3358
3359
)


// ************************************************************************* //
