/*--------------------------------*- C++ -*----------------------------------*\
| =========                 |                                                 |
| \\      /  F ield         | OpenFOAM: The Open Source CFD Toolbox           |
|  \\    /   O peration     | Version:  2312                                  |
|   \\  /    A nd           | Website:  www.openfoam.com                      |
|    \\/     M anipulation  |                                                 |
\*---------------------------------------------------------------------------*/
FoamFile
{
    version     2.0;
    format      ascii;
    arch        "LSB;label=32;scalar=64";
    class       vectorField;
    location    "constant/polyMesh";
    object      points;
}
// * * * * * * * * * * * * * * * * * * * * * * * * * * * * * * * * * * * * * //


4305
(
(0 0 0)
(0.0005 0 0)
(0.001 0 0)
(0.0015 0 0)
(0.002 0 0)
(0.0025 0 0)
(0.003 0 0)
(0.0035 0 0)
(0.004 0 0)
(0.0045 0 0)
(0.005 0 0)
(0.0055 0 0)
(0.006 0 0)
(0.0065 0 0)
(0.007 0 0)
(0.0075 0 0)
(0.008 0 0)
(0.0085 0 0)
(0.009 0 0)
(0.0095 0 0)
(0.01 0 0)
(0.0105 0 0)
(0.011 0 0)
(0.0115 0 0)
(0.012 0 0)
(0.0125 0 0)
(0.013 0 0)
(0.0135 0 0)
(0.014 0 0)
(0.0145 0 0)
(0.015 0 0)
(0.0155 0 0)
(0.016 0 0)
(0.0165 0 0)
(0.017 0 0)
(0.0175 0 0)
(0.018 0 0)
(0.0185 0 0)
(0.019 0 0)
(0.0195 0 0)
(0.02 0 0)
(0 0.0005 0)
(0.0005 0.0005 0)
(0.001 0.0005 0)
(0.0015 0.0005 0)
(0.002 0.0005 0)
(0.0025 0.0005 0)
(0.003 0.0005 0)
(0.0035 0.0005 0)
(0.004 0.0005 0)
(0.0045 0.0005 0)
(0.005 0.0005 0)
(0.0055 0.0005 0)
(0.006 0.0005 0)
(0.0065 0.0005 0)
(0.007 0.0005 0)
(0.0075 0.0005 0)
(0.008 0.0005 0)
(0.0085 0.0005 0)
(0.009 0.0005 0)
(0.0095 0.0005 0)
(0.01 0.0005 0)
(0.0105 0.0005 0)
(0.011 0.0005 0)
(0.0115 0.0005 0)
(0.012 0.0005 0)
(0.0125 0.0005 0)
(0.013 0.0005 0)
(0.0135 0.0005 0)
(0.014 0.0005 0)
(0.0145 0.0005 0)
(0.015 0.0005 0)
(0.0155 0.0005 0)
(0.016 0.0005 0)
(0.0165 0.0005 0)
(0.017 0.0005 0)
(0.0175 0.0005 0)
(0.018 0.0005 0)
(0.0185 0.0005 0)
(0.019 0.0005 0)
(0.0195 0.0005 0)
(0.02 0.0005 0)
(0 0.001 0)
(0.0005 0.001 0)
(0.001 0.001 0)
(0.0015 0.001 0)
(0.002 0.001 0)
(0.0025 0.001 0)
(0.003 0.001 0)
(0.0035 0.001 0)
(0.004 0.001 0)
(0.0045 0.001 0)
(0.005 0.001 0)
(0.0055 0.001 0)
(0.006 0.001 0)
(0.0065 0.001 0)
(0.007 0.001 0)
(0.0075 0.001 0)
(0.008 0.001 0)
(0.0085 0.001 0)
(0.009 0.001 0)
(0.0095 0.001 0)
(0.01 0.001 0)
(0.0105 0.001 0)
(0.011 0.001 0)
(0.0115 0.001 0)
(0.012 0.001 0)
(0.0125 0.001 0)
(0.013 0.001 0)
(0.0135 0.001 0)
(0.014 0.001 0)
(0.0145 0.001 0)
(0.015 0.001 0)
(0.0155 0.001 0)
(0.016 0.001 0)
(0.0165 0.001 0)
(0.017 0.001 0)
(0.0175 0.001 0)
(0.018 0.001 0)
(0.0185 0.001 0)
(0.019 0.001 0)
(0.0195 0.001 0)
(0.02 0.001 0)
(0 0.0015 0)
(0.0005 0.0015 0)
(0.001 0.0015 0)
(0.0015 0.0015 0)
(0.002 0.0015 0)
(0.0025 0.0015 0)
(0.003 0.0015 0)
(0.0035 0.0015 0)
(0.004 0.0015 0)
(0.0045 0.0015 0)
(0.005 0.0015 0)
(0.0055 0.0015 0)
(0.006 0.0015 0)
(0.0065 0.0015 0)
(0.007 0.0015 0)
(0.0075 0.0015 0)
(0.008 0.0015 0)
(0.0085 0.0015 0)
(0.009 0.0015 0)
(0.0095 0.0015 0)
(0.01 0.0015 0)
(0.0105 0.0015 0)
(0.011 0.0015 0)
(0.0115 0.0015 0)
(0.012 0.0015 0)
(0.0125 0.0015 0)
(0.013 0.0015 0)
(0.0135 0.0015 0)
(0.014 0.0015 0)
(0.0145 0.0015 0)
(0.015 0.0015 0)
(0.0155 0.0015 0)
(0.016 0.0015 0)
(0.0165 0.0015 0)
(0.017 0.0015 0)
(0.0175 0.0015 0)
(0.018 0.0015 0)
(0.0185 0.0015 0)
(0.019 0.0015 0)
(0.0195 0.0015 0)
(0.02 0.0015 0)
(0 0.002 0)
(0.0005 0.002 0)
(0.001 0.002 0)
(0.0015 0.002 0)
(0.002 0.002 0)
(0.0025 0.002 0)
(0.003 0.002 0)
(0.0035 0.002 0)
(0.004 0.002 0)
(0.0045 0.002 0)
(0.005 0.002 0)
(0.0055 0.002 0)
(0.006 0.002 0)
(0.0065 0.002 0)
(0.007 0.002 0)
(0.0075 0.002 0)
(0.008 0.002 0)
(0.0085 0.002 0)
(0.009 0.002 0)
(0.0095 0.002 0)
(0.01 0.002 0)
(0.0105 0.002 0)
(0.011 0.002 0)
(0.0115 0.002 0)
(0.012 0.002 0)
(0.0125 0.002 0)
(0.013 0.002 0)
(0.0135 0.002 0)
(0.014 0.002 0)
(0.0145 0.002 0)
(0.015 0.002 0)
(0.0155 0.002 0)
(0.016 0.002 0)
(0.0165 0.002 0)
(0.017 0.002 0)
(0.0175 0.002 0)
(0.018 0.002 0)
(0.0185 0.002 0)
(0.019 0.002 0)
(0.0195 0.002 0)
(0.02 0.002 0)
(0 0.0025 0)
(0.0005 0.0025 0)
(0.001 0.0025 0)
(0.0015 0.0025 0)
(0.002 0.0025 0)
(0.0025 0.0025 0)
(0.003 0.0025 0)
(0.0035 0.0025 0)
(0.004 0.0025 0)
(0.0045 0.0025 0)
(0.005 0.0025 0)
(0.0055 0.0025 0)
(0.006 0.0025 0)
(0.0065 0.0025 0)
(0.007 0.0025 0)
(0.0075 0.0025 0)
(0.008 0.0025 0)
(0.0085 0.0025 0)
(0.009 0.0025 0)
(0.0095 0.0025 0)
(0.01 0.0025 0)
(0.0105 0.0025 0)
(0.011 0.0025 0)
(0.0115 0.0025 0)
(0.012 0.0025 0)
(0.0125 0.0025 0)
(0.013 0.0025 0)
(0.0135 0.0025 0)
(0.014 0.0025 0)
(0.0145 0.0025 0)
(0.015 0.0025 0)
(0.0155 0.0025 0)
(0.016 0.0025 0)
(0.0165 0.0025 0)
(0.017 0.0025 0)
(0.0175 0.0025 0)
(0.018 0.0025 0)
(0.0185 0.0025 0)
(0.019 0.0025 0)
(0.0195 0.0025 0)
(0.02 0.0025 0)
(0 0.003 0)
(0.0005 0.003 0)
(0.001 0.003 0)
(0.0015 0.003 0)
(0.002 0.003 0)
(0.0025 0.003 0)
(0.003 0.003 0)
(0.0035 0.003 0)
(0.004 0.003 0)
(0.0045 0.003 0)
(0.005 0.003 0)
(0.0055 0.003 0)
(0.006 0.003 0)
(0.0065 0.003 0)
(0.007 0.003 0)
(0.0075 0.003 0)
(0.008 0.003 0)
(0.0085 0.003 0)
(0.009 0.003 0)
(0.0095 0.003 0)
(0.01 0.003 0)
(0.0105 0.003 0)
(0.011 0.003 0)
(0.0115 0.003 0)
(0.012 0.003 0)
(0.0125 0.003 0)
(0.013 0.003 0)
(0.0135 0.003 0)
(0.014 0.003 0)
(0.0145 0.003 0)
(0.015 0.003 0)
(0.0155 0.003 0)
(0.016 0.003 0)
(0.0165 0.003 0)
(0.017 0.003 0)
(0.0175 0.003 0)
(0.018 0.003 0)
(0.0185 0.003 0)
(0.019 0.003 0)
(0.0195 0.003 0)
(0.02 0.003 0)
(0 0 0.0005)
(0.0005 0 0.0005)
(0.001 0 0.0005)
(0.0015 0 0.0005)
(0.002 0 0.0005)
(0.0025 0 0.0005)
(0.003 0 0.0005)
(0.0035 0 0.0005)
(0.004 0 0.0005)
(0.0045 0 0.0005)
(0.005 0 0.0005)
(0.0055 0 0.0005)
(0.006 0 0.0005)
(0.0065 0 0.0005)
(0.007 0 0.0005)
(0.0075 0 0.0005)
(0.008 0 0.0005)
(0.0085 0 0.0005)
(0.009 0 0.0005)
(0.0095 0 0.0005)
(0.01 0 0.0005)
(0.0105 0 0.0005)
(0.011 0 0.0005)
(0.0115 0 0.0005)
(0.012 0 0.0005)
(0.0125 0 0.0005)
(0.013 0 0.0005)
(0.0135 0 0.0005)
(0.014 0 0.0005)
(0.0145 0 0.0005)
(0.015 0 0.0005)
(0.0155 0 0.0005)
(0.016 0 0.0005)
(0.0165 0 0.0005)
(0.017 0 0.0005)
(0.0175 0 0.0005)
(0.018 0 0.0005)
(0.0185 0 0.0005)
(0.019 0 0.0005)
(0.0195 0 0.0005)
(0.02 0 0.0005)
(0 0.0005 0.0005)
(0.0005 0.0005 0.0005)
(0.001 0.0005 0.0005)
(0.0015 0.0005 0.0005)
(0.002 0.0005 0.0005)
(0.0025 0.0005 0.0005)
(0.003 0.0005 0.0005)
(0.0035 0.0005 0.0005)
(0.004 0.0005 0.0005)
(0.0045 0.0005 0.0005)
(0.005 0.0005 0.0005)
(0.0055 0.0005 0.0005)
(0.006 0.0005 0.0005)
(0.0065 0.0005 0.0005)
(0.007 0.0005 0.0005)
(0.0075 0.0005 0.0005)
(0.008 0.0005 0.0005)
(0.0085 0.0005 0.0005)
(0.009 0.0005 0.0005)
(0.0095 0.0005 0.0005)
(0.01 0.0005 0.0005)
(0.0105 0.0005 0.0005)
(0.011 0.0005 0.0005)
(0.0115 0.0005 0.0005)
(0.012 0.0005 0.0005)
(0.0125 0.0005 0.0005)
(0.013 0.0005 0.0005)
(0.0135 0.0005 0.0005)
(0.014 0.0005 0.0005)
(0.0145 0.0005 0.0005)
(0.015 0.0005 0.0005)
(0.0155 0.0005 0.0005)
(0.016 0.0005 0.0005)
(0.0165 0.0005 0.0005)
(0.017 0.0005 0.0005)
(0.0175 0.0005 0.0005)
(0.018 0.0005 0.0005)
(0.0185 0.0005 0.0005)
(0.019 0.0005 0.0005)
(0.0195 0.0005 0.0005)
(0.02 0.0005 0.0005)
(0 0.001 0.0005)
(0.0005 0.001 0.0005)
(0.001 0.001 0.0005)
(0.0015 0.001 0.0005)
(0.002 0.001 0.0005)
(0.0025 0.001 0.0005)
(0.003 0.001 0.0005)
(0.0035 0.001 0.0005)
(0.004 0.001 0.0005)
(0.0045 0.001 0.0005)
(0.005 0.001 0.0005)
(0.0055 0.001 0.0005)
(0.006 0.001 0.0005)
(0.0065 0.001 0.0005)
(0.007 0.001 0.0005)
(0.0075 0.001 0.0005)
(0.008 0.001 0.0005)
(0.0085 0.001 0.0005)
(0.009 0.001 0.0005)
(0.0095 0.001 0.0005)
(0.01 0.001 0.0005)
(0.0105 0.001 0.0005)
(0.011 0.001 0.0005)
(0.0115 0.001 0.0005)
(0.012 0.001 0.0005)
(0.0125 0.001 0.0005)
(0.013 0.001 0.0005)
(0.0135 0.001 0.0005)
(0.014 0.001 0.0005)
(0.0145 0.001 0.0005)
(0.015 0.001 0.0005)
(0.0155 0.001 0.0005)
(0.016 0.001 0.0005)
(0.0165 0.001 0.0005)
(0.017 0.001 0.0005)
(0.0175 0.001 0.0005)
(0.018 0.001 0.0005)
(0.0185 0.001 0.0005)
(0.019 0.001 0.0005)
(0.0195 0.001 0.0005)
(0.02 0.001 0.0005)
(0 0.0015 0.0005)
(0.0005 0.0015 0.0005)
(0.001 0.0015 0.0005)
(0.0015 0.0015 0.0005)
(0.002 0.0015 0.0005)
(0.0025 0.0015 0.0005)
(0.003 0.0015 0.0005)
(0.0035 0.0015 0.0005)
(0.004 0.0015 0.0005)
(0.0045 0.0015 0.0005)
(0.005 0.0015 0.0005)
(0.0055 0.0015 0.0005)
(0.006 0.0015 0.0005)
(0.0065 0.0015 0.0005)
(0.007 0.0015 0.0005)
(0.0075 0.0015 0.0005)
(0.008 0.0015 0.0005)
(0.0085 0.0015 0.0005)
(0.009 0.0015 0.0005)
(0.0095 0.0015 0.0005)
(0.01 0.0015 0.0005)
(0.0105 0.0015 0.0005)
(0.011 0.0015 0.0005)
(0.0115 0.0015 0.0005)
(0.012 0.0015 0.0005)
(0.0125 0.0015 0.0005)
(0.013 0.0015 0.0005)
(0.0135 0.0015 0.0005)
(0.014 0.0015 0.0005)
(0.0145 0.0015 0.0005)
(0.015 0.0015 0.0005)
(0.0155 0.0015 0.0005)
(0.016 0.0015 0.0005)
(0.0165 0.0015 0.0005)
(0.017 0.0015 0.0005)
(0.0175 0.0015 0.0005)
(0.018 0.0015 0.0005)
(0.0185 0.0015 0.0005)
(0.019 0.0015 0.0005)
(0.0195 0.0015 0.0005)
(0.02 0.0015 0.0005)
(0 0.002 0.0005)
(0.0005 0.002 0.0005)
(0.001 0.002 0.0005)
(0.0015 0.002 0.0005)
(0.002 0.002 0.0005)
(0.0025 0.002 0.0005)
(0.003 0.002 0.0005)
(0.0035 0.002 0.0005)
(0.004 0.002 0.0005)
(0.0045 0.002 0.0005)
(0.005 0.002 0.0005)
(0.0055 0.002 0.0005)
(0.006 0.002 0.0005)
(0.0065 0.002 0.0005)
(0.007 0.002 0.0005)
(0.0075 0.002 0.0005)
(0.008 0.002 0.0005)
(0.0085 0.002 0.0005)
(0.009 0.002 0.0005)
(0.0095 0.002 0.0005)
(0.01 0.002 0.0005)
(0.0105 0.002 0.0005)
(0.011 0.002 0.0005)
(0.0115 0.002 0.0005)
(0.012 0.002 0.0005)
(0.0125 0.002 0.0005)
(0.013 0.002 0.0005)
(0.0135 0.002 0.0005)
(0.014 0.002 0.0005)
(0.0145 0.002 0.0005)
(0.015 0.002 0.0005)
(0.0155 0.002 0.0005)
(0.016 0.002 0.0005)
(0.0165 0.002 0.0005)
(0.017 0.002 0.0005)
(0.0175 0.002 0.0005)
(0.018 0.002 0.0005)
(0.0185 0.002 0.0005)
(0.019 0.002 0.0005)
(0.0195 0.002 0.0005)
(0.02 0.002 0.0005)
(0 0.0025 0.0005)
(0.0005 0.0025 0.0005)
(0.001 0.0025 0.0005)
(0.0015 0.0025 0.0005)
(0.002 0.0025 0.0005)
(0.0025 0.0025 0.0005)
(0.003 0.0025 0.0005)
(0.0035 0.0025 0.0005)
(0.004 0.0025 0.0005)
(0.0045 0.0025 0.0005)
(0.005 0.0025 0.0005)
(0.0055 0.0025 0.0005)
(0.006 0.0025 0.0005)
(0.0065 0.0025 0.0005)
(0.007 0.0025 0.0005)
(0.0075 0.0025 0.0005)
(0.008 0.0025 0.0005)
(0.0085 0.0025 0.0005)
(0.009 0.0025 0.0005)
(0.0095 0.0025 0.0005)
(0.01 0.0025 0.0005)
(0.0105 0.0025 0.0005)
(0.011 0.0025 0.0005)
(0.0115 0.0025 0.0005)
(0.012 0.0025 0.0005)
(0.0125 0.0025 0.0005)
(0.013 0.0025 0.0005)
(0.0135 0.0025 0.0005)
(0.014 0.0025 0.0005)
(0.0145 0.0025 0.0005)
(0.015 0.0025 0.0005)
(0.0155 0.0025 0.0005)
(0.016 0.0025 0.0005)
(0.0165 0.0025 0.0005)
(0.017 0.0025 0.0005)
(0.0175 0.0025 0.0005)
(0.018 0.0025 0.0005)
(0.0185 0.0025 0.0005)
(0.019 0.0025 0.0005)
(0.0195 0.0025 0.0005)
(0.02 0.0025 0.0005)
(0 0.003 0.0005)
(0.0005 0.003 0.0005)
(0.001 0.003 0.0005)
(0.0015 0.003 0.0005)
(0.002 0.003 0.0005)
(0.0025 0.003 0.0005)
(0.003 0.003 0.0005)
(0.0035 0.003 0.0005)
(0.004 0.003 0.0005)
(0.0045 0.003 0.0005)
(0.005 0.003 0.0005)
(0.0055 0.003 0.0005)
(0.006 0.003 0.0005)
(0.0065 0.003 0.0005)
(0.007 0.003 0.0005)
(0.0075 0.003 0.0005)
(0.008 0.003 0.0005)
(0.0085 0.003 0.0005)
(0.009 0.003 0.0005)
(0.0095 0.003 0.0005)
(0.01 0.003 0.0005)
(0.0105 0.003 0.0005)
(0.011 0.003 0.0005)
(0.0115 0.003 0.0005)
(0.012 0.003 0.0005)
(0.0125 0.003 0.0005)
(0.013 0.003 0.0005)
(0.0135 0.003 0.0005)
(0.014 0.003 0.0005)
(0.0145 0.003 0.0005)
(0.015 0.003 0.0005)
(0.0155 0.003 0.0005)
(0.016 0.003 0.0005)
(0.0165 0.003 0.0005)
(0.017 0.003 0.0005)
(0.0175 0.003 0.0005)
(0.018 0.003 0.0005)
(0.0185 0.003 0.0005)
(0.019 0.003 0.0005)
(0.0195 0.003 0.0005)
(0.02 0.003 0.0005)
(0 0 0.001)
(0.0005 0 0.001)
(0.001 0 0.001)
(0.0015 0 0.001)
(0.002 0 0.001)
(0.0025 0 0.001)
(0.003 0 0.001)
(0.0035 0 0.001)
(0.004 0 0.001)
(0.0045 0 0.001)
(0.005 0 0.001)
(0.0055 0 0.001)
(0.006 0 0.001)
(0.0065 0 0.001)
(0.007 0 0.001)
(0.0075 0 0.001)
(0.008 0 0.001)
(0.0085 0 0.001)
(0.009 0 0.001)
(0.0095 0 0.001)
(0.01 0 0.001)
(0.0105 0 0.001)
(0.011 0 0.001)
(0.0115 0 0.001)
(0.012 0 0.001)
(0.0125 0 0.001)
(0.013 0 0.001)
(0.0135 0 0.001)
(0.014 0 0.001)
(0.0145 0 0.001)
(0.015 0 0.001)
(0.0155 0 0.001)
(0.016 0 0.001)
(0.0165 0 0.001)
(0.017 0 0.001)
(0.0175 0 0.001)
(0.018 0 0.001)
(0.0185 0 0.001)
(0.019 0 0.001)
(0.0195 0 0.001)
(0.02 0 0.001)
(0 0.0005 0.001)
(0.0005 0.0005 0.001)
(0.001 0.0005 0.001)
(0.0015 0.0005 0.001)
(0.002 0.0005 0.001)
(0.0025 0.0005 0.001)
(0.003 0.0005 0.001)
(0.0035 0.0005 0.001)
(0.004 0.0005 0.001)
(0.0045 0.0005 0.001)
(0.005 0.0005 0.001)
(0.0055 0.0005 0.001)
(0.006 0.0005 0.001)
(0.0065 0.0005 0.001)
(0.007 0.0005 0.001)
(0.0075 0.0005 0.001)
(0.008 0.0005 0.001)
(0.0085 0.0005 0.001)
(0.009 0.0005 0.001)
(0.0095 0.0005 0.001)
(0.01 0.0005 0.001)
(0.0105 0.0005 0.001)
(0.011 0.0005 0.001)
(0.0115 0.0005 0.001)
(0.012 0.0005 0.001)
(0.0125 0.0005 0.001)
(0.013 0.0005 0.001)
(0.0135 0.0005 0.001)
(0.014 0.0005 0.001)
(0.0145 0.0005 0.001)
(0.015 0.0005 0.001)
(0.0155 0.0005 0.001)
(0.016 0.0005 0.001)
(0.0165 0.0005 0.001)
(0.017 0.0005 0.001)
(0.0175 0.0005 0.001)
(0.018 0.0005 0.001)
(0.0185 0.0005 0.001)
(0.019 0.0005 0.001)
(0.0195 0.0005 0.001)
(0.02 0.0005 0.001)
(0 0.001 0.001)
(0.0005 0.001 0.001)
(0.001 0.001 0.001)
(0.0015 0.001 0.001)
(0.002 0.001 0.001)
(0.0025 0.001 0.001)
(0.003 0.001 0.001)
(0.0035 0.001 0.001)
(0.004 0.001 0.001)
(0.0045 0.001 0.001)
(0.005 0.001 0.001)
(0.0055 0.001 0.001)
(0.006 0.001 0.001)
(0.0065 0.001 0.001)
(0.007 0.001 0.001)
(0.0075 0.001 0.001)
(0.008 0.001 0.001)
(0.0085 0.001 0.001)
(0.009 0.001 0.001)
(0.0095 0.001 0.001)
(0.01 0.001 0.001)
(0.0105 0.001 0.001)
(0.011 0.001 0.001)
(0.0115 0.001 0.001)
(0.012 0.001 0.001)
(0.0125 0.001 0.001)
(0.013 0.001 0.001)
(0.0135 0.001 0.001)
(0.014 0.001 0.001)
(0.0145 0.001 0.001)
(0.015 0.001 0.001)
(0.0155 0.001 0.001)
(0.016 0.001 0.001)
(0.0165 0.001 0.001)
(0.017 0.001 0.001)
(0.0175 0.001 0.001)
(0.018 0.001 0.001)
(0.0185 0.001 0.001)
(0.019 0.001 0.001)
(0.0195 0.001 0.001)
(0.02 0.001 0.001)
(0 0.0015 0.001)
(0.0005 0.0015 0.001)
(0.001 0.0015 0.001)
(0.0015 0.0015 0.001)
(0.002 0.0015 0.001)
(0.0025 0.0015 0.001)
(0.003 0.0015 0.001)
(0.0035 0.0015 0.001)
(0.004 0.0015 0.001)
(0.0045 0.0015 0.001)
(0.005 0.0015 0.001)
(0.0055 0.0015 0.001)
(0.006 0.0015 0.001)
(0.0065 0.0015 0.001)
(0.007 0.0015 0.001)
(0.0075 0.0015 0.001)
(0.008 0.0015 0.001)
(0.0085 0.0015 0.001)
(0.009 0.0015 0.001)
(0.0095 0.0015 0.001)
(0.01 0.0015 0.001)
(0.0105 0.0015 0.001)
(0.011 0.0015 0.001)
(0.0115 0.0015 0.001)
(0.012 0.0015 0.001)
(0.0125 0.0015 0.001)
(0.013 0.0015 0.001)
(0.0135 0.0015 0.001)
(0.014 0.0015 0.001)
(0.0145 0.0015 0.001)
(0.015 0.0015 0.001)
(0.0155 0.0015 0.001)
(0.016 0.0015 0.001)
(0.0165 0.0015 0.001)
(0.017 0.0015 0.001)
(0.0175 0.0015 0.001)
(0.018 0.0015 0.001)
(0.0185 0.0015 0.001)
(0.019 0.0015 0.001)
(0.0195 0.0015 0.001)
(0.02 0.0015 0.001)
(0 0.002 0.001)
(0.0005 0.002 0.001)
(0.001 0.002 0.001)
(0.0015 0.002 0.001)
(0.002 0.002 0.001)
(0.0025 0.002 0.001)
(0.003 0.002 0.001)
(0.0035 0.002 0.001)
(0.004 0.002 0.001)
(0.0045 0.002 0.001)
(0.005 0.002 0.001)
(0.0055 0.002 0.001)
(0.006 0.002 0.001)
(0.0065 0.002 0.001)
(0.007 0.002 0.001)
(0.0075 0.002 0.001)
(0.008 0.002 0.001)
(0.0085 0.002 0.001)
(0.009 0.002 0.001)
(0.0095 0.002 0.001)
(0.01 0.002 0.001)
(0.0105 0.002 0.001)
(0.011 0.002 0.001)
(0.0115 0.002 0.001)
(0.012 0.002 0.001)
(0.0125 0.002 0.001)
(0.013 0.002 0.001)
(0.0135 0.002 0.001)
(0.014 0.002 0.001)
(0.0145 0.002 0.001)
(0.015 0.002 0.001)
(0.0155 0.002 0.001)
(0.016 0.002 0.001)
(0.0165 0.002 0.001)
(0.017 0.002 0.001)
(0.0175 0.002 0.001)
(0.018 0.002 0.001)
(0.0185 0.002 0.001)
(0.019 0.002 0.001)
(0.0195 0.002 0.001)
(0.02 0.002 0.001)
(0 0.0025 0.001)
(0.0005 0.0025 0.001)
(0.001 0.0025 0.001)
(0.0015 0.0025 0.001)
(0.002 0.0025 0.001)
(0.0025 0.0025 0.001)
(0.003 0.0025 0.001)
(0.0035 0.0025 0.001)
(0.004 0.0025 0.001)
(0.0045 0.0025 0.001)
(0.005 0.0025 0.001)
(0.0055 0.0025 0.001)
(0.006 0.0025 0.001)
(0.0065 0.0025 0.001)
(0.007 0.0025 0.001)
(0.0075 0.0025 0.001)
(0.008 0.0025 0.001)
(0.0085 0.0025 0.001)
(0.009 0.0025 0.001)
(0.0095 0.0025 0.001)
(0.01 0.0025 0.001)
(0.0105 0.0025 0.001)
(0.011 0.0025 0.001)
(0.0115 0.0025 0.001)
(0.012 0.0025 0.001)
(0.0125 0.0025 0.001)
(0.013 0.0025 0.001)
(0.0135 0.0025 0.001)
(0.014 0.0025 0.001)
(0.0145 0.0025 0.001)
(0.015 0.0025 0.001)
(0.0155 0.0025 0.001)
(0.016 0.0025 0.001)
(0.0165 0.0025 0.001)
(0.017 0.0025 0.001)
(0.0175 0.0025 0.001)
(0.018 0.0025 0.001)
(0.0185 0.0025 0.001)
(0.019 0.0025 0.001)
(0.0195 0.0025 0.001)
(0.02 0.0025 0.001)
(0 0.003 0.001)
(0.0005 0.003 0.001)
(0.001 0.003 0.001)
(0.0015 0.003 0.001)
(0.002 0.003 0.001)
(0.0025 0.003 0.001)
(0.003 0.003 0.001)
(0.0035 0.003 0.001)
(0.004 0.003 0.001)
(0.0045 0.003 0.001)
(0.005 0.003 0.001)
(0.0055 0.003 0.001)
(0.006 0.003 0.001)
(0.0065 0.003 0.001)
(0.007 0.003 0.001)
(0.0075 0.003 0.001)
(0.008 0.003 0.001)
(0.0085 0.003 0.001)
(0.009 0.003 0.001)
(0.0095 0.003 0.001)
(0.01 0.003 0.001)
(0.0105 0.003 0.001)
(0.011 0.003 0.001)
(0.0115 0.003 0.001)
(0.012 0.003 0.001)
(0.0125 0.003 0.001)
(0.013 0.003 0.001)
(0.0135 0.003 0.001)
(0.014 0.003 0.001)
(0.0145 0.003 0.001)
(0.015 0.003 0.001)
(0.0155 0.003 0.001)
(0.016 0.003 0.001)
(0.0165 0.003 0.001)
(0.017 0.003 0.001)
(0.0175 0.003 0.001)
(0.018 0.003 0.001)
(0.0185 0.003 0.001)
(0.019 0.003 0.001)
(0.0195 0.003 0.001)
(0.02 0.003 0.001)
(0 0 0.0015)
(0.0005 0 0.0015)
(0.001 0 0.0015)
(0.0015 0 0.0015)
(0.002 0 0.0015)
(0.0025 0 0.0015)
(0.003 0 0.0015)
(0.0035 0 0.0015)
(0.004 0 0.0015)
(0.0045 0 0.0015)
(0.005 0 0.0015)
(0.0055 0 0.0015)
(0.006 0 0.0015)
(0.0065 0 0.0015)
(0.007 0 0.0015)
(0.0075 0 0.0015)
(0.008 0 0.0015)
(0.0085 0 0.0015)
(0.009 0 0.0015)
(0.0095 0 0.0015)
(0.01 0 0.0015)
(0.0105 0 0.0015)
(0.011 0 0.0015)
(0.0115 0 0.0015)
(0.012 0 0.0015)
(0.0125 0 0.0015)
(0.013 0 0.0015)
(0.0135 0 0.0015)
(0.014 0 0.0015)
(0.0145 0 0.0015)
(0.015 0 0.0015)
(0.0155 0 0.0015)
(0.016 0 0.0015)
(0.0165 0 0.0015)
(0.017 0 0.0015)
(0.0175 0 0.0015)
(0.018 0 0.0015)
(0.0185 0 0.0015)
(0.019 0 0.0015)
(0.0195 0 0.0015)
(0.02 0 0.0015)
(0 0.0005 0.0015)
(0.0005 0.0005 0.0015)
(0.001 0.0005 0.0015)
(0.0015 0.0005 0.0015)
(0.002 0.0005 0.0015)
(0.0025 0.0005 0.0015)
(0.003 0.0005 0.0015)
(0.0035 0.0005 0.0015)
(0.004 0.0005 0.0015)
(0.0045 0.0005 0.0015)
(0.005 0.0005 0.0015)
(0.0055 0.0005 0.0015)
(0.006 0.0005 0.0015)
(0.0065 0.0005 0.0015)
(0.007 0.0005 0.0015)
(0.0075 0.0005 0.0015)
(0.008 0.0005 0.0015)
(0.0085 0.0005 0.0015)
(0.009 0.0005 0.0015)
(0.0095 0.0005 0.0015)
(0.01 0.0005 0.0015)
(0.0105 0.0005 0.0015)
(0.011 0.0005 0.0015)
(0.0115 0.0005 0.0015)
(0.012 0.0005 0.0015)
(0.0125 0.0005 0.0015)
(0.013 0.0005 0.0015)
(0.0135 0.0005 0.0015)
(0.014 0.0005 0.0015)
(0.0145 0.0005 0.0015)
(0.015 0.0005 0.0015)
(0.0155 0.0005 0.0015)
(0.016 0.0005 0.0015)
(0.0165 0.0005 0.0015)
(0.017 0.0005 0.0015)
(0.0175 0.0005 0.0015)
(0.018 0.0005 0.0015)
(0.0185 0.0005 0.0015)
(0.019 0.0005 0.0015)
(0.0195 0.0005 0.0015)
(0.02 0.0005 0.0015)
(0 0.001 0.0015)
(0.0005 0.001 0.0015)
(0.001 0.001 0.0015)
(0.0015 0.001 0.0015)
(0.002 0.001 0.0015)
(0.0025 0.001 0.0015)
(0.003 0.001 0.0015)
(0.0035 0.001 0.0015)
(0.004 0.001 0.0015)
(0.0045 0.001 0.0015)
(0.005 0.001 0.0015)
(0.0055 0.001 0.0015)
(0.006 0.001 0.0015)
(0.0065 0.001 0.0015)
(0.007 0.001 0.0015)
(0.0075 0.001 0.0015)
(0.008 0.001 0.0015)
(0.0085 0.001 0.0015)
(0.009 0.001 0.0015)
(0.0095 0.001 0.0015)
(0.01 0.001 0.0015)
(0.0105 0.001 0.0015)
(0.011 0.001 0.0015)
(0.0115 0.001 0.0015)
(0.012 0.001 0.0015)
(0.0125 0.001 0.0015)
(0.013 0.001 0.0015)
(0.0135 0.001 0.0015)
(0.014 0.001 0.0015)
(0.0145 0.001 0.0015)
(0.015 0.001 0.0015)
(0.0155 0.001 0.0015)
(0.016 0.001 0.0015)
(0.0165 0.001 0.0015)
(0.017 0.001 0.0015)
(0.0175 0.001 0.0015)
(0.018 0.001 0.0015)
(0.0185 0.001 0.0015)
(0.019 0.001 0.0015)
(0.0195 0.001 0.0015)
(0.02 0.001 0.0015)
(0 0.0015 0.0015)
(0.0005 0.0015 0.0015)
(0.001 0.0015 0.0015)
(0.0015 0.0015 0.0015)
(0.002 0.0015 0.0015)
(0.0025 0.0015 0.0015)
(0.003 0.0015 0.0015)
(0.0035 0.0015 0.0015)
(0.004 0.0015 0.0015)
(0.0045 0.0015 0.0015)
(0.005 0.0015 0.0015)
(0.0055 0.0015 0.0015)
(0.006 0.0015 0.0015)
(0.0065 0.0015 0.0015)
(0.007 0.0015 0.0015)
(0.0075 0.0015 0.0015)
(0.008 0.0015 0.0015)
(0.0085 0.0015 0.0015)
(0.009 0.0015 0.0015)
(0.0095 0.0015 0.0015)
(0.01 0.0015 0.0015)
(0.0105 0.0015 0.0015)
(0.011 0.0015 0.0015)
(0.0115 0.0015 0.0015)
(0.012 0.0015 0.0015)
(0.0125 0.0015 0.0015)
(0.013 0.0015 0.0015)
(0.0135 0.0015 0.0015)
(0.014 0.0015 0.0015)
(0.0145 0.0015 0.0015)
(0.015 0.0015 0.0015)
(0.0155 0.0015 0.0015)
(0.016 0.0015 0.0015)
(0.0165 0.0015 0.0015)
(0.017 0.0015 0.0015)
(0.0175 0.0015 0.0015)
(0.018 0.0015 0.0015)
(0.0185 0.0015 0.0015)
(0.019 0.0015 0.0015)
(0.0195 0.0015 0.0015)
(0.02 0.0015 0.0015)
(0 0.002 0.0015)
(0.0005 0.002 0.0015)
(0.001 0.002 0.0015)
(0.0015 0.002 0.0015)
(0.002 0.002 0.0015)
(0.0025 0.002 0.0015)
(0.003 0.002 0.0015)
(0.0035 0.002 0.0015)
(0.004 0.002 0.0015)
(0.0045 0.002 0.0015)
(0.005 0.002 0.0015)
(0.0055 0.002 0.0015)
(0.006 0.002 0.0015)
(0.0065 0.002 0.0015)
(0.007 0.002 0.0015)
(0.0075 0.002 0.0015)
(0.008 0.002 0.0015)
(0.0085 0.002 0.0015)
(0.009 0.002 0.0015)
(0.0095 0.002 0.0015)
(0.01 0.002 0.0015)
(0.0105 0.002 0.0015)
(0.011 0.002 0.0015)
(0.0115 0.002 0.0015)
(0.012 0.002 0.0015)
(0.0125 0.002 0.0015)
(0.013 0.002 0.0015)
(0.0135 0.002 0.0015)
(0.014 0.002 0.0015)
(0.0145 0.002 0.0015)
(0.015 0.002 0.0015)
(0.0155 0.002 0.0015)
(0.016 0.002 0.0015)
(0.0165 0.002 0.0015)
(0.017 0.002 0.0015)
(0.0175 0.002 0.0015)
(0.018 0.002 0.0015)
(0.0185 0.002 0.0015)
(0.019 0.002 0.0015)
(0.0195 0.002 0.0015)
(0.02 0.002 0.0015)
(0 0.0025 0.0015)
(0.0005 0.0025 0.0015)
(0.001 0.0025 0.0015)
(0.0015 0.0025 0.0015)
(0.002 0.0025 0.0015)
(0.0025 0.0025 0.0015)
(0.003 0.0025 0.0015)
(0.0035 0.0025 0.0015)
(0.004 0.0025 0.0015)
(0.0045 0.0025 0.0015)
(0.005 0.0025 0.0015)
(0.0055 0.0025 0.0015)
(0.006 0.0025 0.0015)
(0.0065 0.0025 0.0015)
(0.007 0.0025 0.0015)
(0.0075 0.0025 0.0015)
(0.008 0.0025 0.0015)
(0.0085 0.0025 0.0015)
(0.009 0.0025 0.0015)
(0.0095 0.0025 0.0015)
(0.01 0.0025 0.0015)
(0.0105 0.0025 0.0015)
(0.011 0.0025 0.0015)
(0.0115 0.0025 0.0015)
(0.012 0.0025 0.0015)
(0.0125 0.0025 0.0015)
(0.013 0.0025 0.0015)
(0.0135 0.0025 0.0015)
(0.014 0.0025 0.0015)
(0.0145 0.0025 0.0015)
(0.015 0.0025 0.0015)
(0.0155 0.0025 0.0015)
(0.016 0.0025 0.0015)
(0.0165 0.0025 0.0015)
(0.017 0.0025 0.0015)
(0.0175 0.0025 0.0015)
(0.018 0.0025 0.0015)
(0.0185 0.0025 0.0015)
(0.019 0.0025 0.0015)
(0.0195 0.0025 0.0015)
(0.02 0.0025 0.0015)
(0 0.003 0.0015)
(0.0005 0.003 0.0015)
(0.001 0.003 0.0015)
(0.0015 0.003 0.0015)
(0.002 0.003 0.0015)
(0.0025 0.003 0.0015)
(0.003 0.003 0.0015)
(0.0035 0.003 0.0015)
(0.004 0.003 0.0015)
(0.0045 0.003 0.0015)
(0.005 0.003 0.0015)
(0.0055 0.003 0.0015)
(0.006 0.003 0.0015)
(0.0065 0.003 0.0015)
(0.007 0.003 0.0015)
(0.0075 0.003 0.0015)
(0.008 0.003 0.0015)
(0.0085 0.003 0.0015)
(0.009 0.003 0.0015)
(0.0095 0.003 0.0015)
(0.01 0.003 0.0015)
(0.0105 0.003 0.0015)
(0.011 0.003 0.0015)
(0.0115 0.003 0.0015)
(0.012 0.003 0.0015)
(0.0125 0.003 0.0015)
(0.013 0.003 0.0015)
(0.0135 0.003 0.0015)
(0.014 0.003 0.0015)
(0.0145 0.003 0.0015)
(0.015 0.003 0.0015)
(0.0155 0.003 0.0015)
(0.016 0.003 0.0015)
(0.0165 0.003 0.0015)
(0.017 0.003 0.0015)
(0.0175 0.003 0.0015)
(0.018 0.003 0.0015)
(0.0185 0.003 0.0015)
(0.019 0.003 0.0015)
(0.0195 0.003 0.0015)
(0.02 0.003 0.0015)
(0 0 0.002)
(0.0005 0 0.002)
(0.001 0 0.002)
(0.0015 0 0.002)
(0.002 0 0.002)
(0.0025 0 0.002)
(0.003 0 0.002)
(0.0035 0 0.002)
(0.004 0 0.002)
(0.0045 0 0.002)
(0.005 0 0.002)
(0.0055 0 0.002)
(0.006 0 0.002)
(0.0065 0 0.002)
(0.007 0 0.002)
(0.0075 0 0.002)
(0.008 0 0.002)
(0.0085 0 0.002)
(0.009 0 0.002)
(0.0095 0 0.002)
(0.01 0 0.002)
(0.0105 0 0.002)
(0.011 0 0.002)
(0.0115 0 0.002)
(0.012 0 0.002)
(0.0125 0 0.002)
(0.013 0 0.002)
(0.0135 0 0.002)
(0.014 0 0.002)
(0.0145 0 0.002)
(0.015 0 0.002)
(0.0155 0 0.002)
(0.016 0 0.002)
(0.0165 0 0.002)
(0.017 0 0.002)
(0.0175 0 0.002)
(0.018 0 0.002)
(0.0185 0 0.002)
(0.019 0 0.002)
(0.0195 0 0.002)
(0.02 0 0.002)
(0 0.0005 0.002)
(0.0005 0.0005 0.002)
(0.001 0.0005 0.002)
(0.0015 0.0005 0.002)
(0.002 0.0005 0.002)
(0.0025 0.0005 0.002)
(0.003 0.0005 0.002)
(0.0035 0.0005 0.002)
(0.004 0.0005 0.002)
(0.0045 0.0005 0.002)
(0.005 0.0005 0.002)
(0.0055 0.0005 0.002)
(0.006 0.0005 0.002)
(0.0065 0.0005 0.002)
(0.007 0.0005 0.002)
(0.0075 0.0005 0.002)
(0.008 0.0005 0.002)
(0.0085 0.0005 0.002)
(0.009 0.0005 0.002)
(0.0095 0.0005 0.002)
(0.01 0.0005 0.002)
(0.0105 0.0005 0.002)
(0.011 0.0005 0.002)
(0.0115 0.0005 0.002)
(0.012 0.0005 0.002)
(0.0125 0.0005 0.002)
(0.013 0.0005 0.002)
(0.0135 0.0005 0.002)
(0.014 0.0005 0.002)
(0.0145 0.0005 0.002)
(0.015 0.0005 0.002)
(0.0155 0.0005 0.002)
(0.016 0.0005 0.002)
(0.0165 0.0005 0.002)
(0.017 0.0005 0.002)
(0.0175 0.0005 0.002)
(0.018 0.0005 0.002)
(0.0185 0.0005 0.002)
(0.019 0.0005 0.002)
(0.0195 0.0005 0.002)
(0.02 0.0005 0.002)
(0 0.001 0.002)
(0.0005 0.001 0.002)
(0.001 0.001 0.002)
(0.0015 0.001 0.002)
(0.002 0.001 0.002)
(0.0025 0.001 0.002)
(0.003 0.001 0.002)
(0.0035 0.001 0.002)
(0.004 0.001 0.002)
(0.0045 0.001 0.002)
(0.005 0.001 0.002)
(0.0055 0.001 0.002)
(0.006 0.001 0.002)
(0.0065 0.001 0.002)
(0.007 0.001 0.002)
(0.0075 0.001 0.002)
(0.008 0.001 0.002)
(0.0085 0.001 0.002)
(0.009 0.001 0.002)
(0.0095 0.001 0.002)
(0.01 0.001 0.002)
(0.0105 0.001 0.002)
(0.011 0.001 0.002)
(0.0115 0.001 0.002)
(0.012 0.001 0.002)
(0.0125 0.001 0.002)
(0.013 0.001 0.002)
(0.0135 0.001 0.002)
(0.014 0.001 0.002)
(0.0145 0.001 0.002)
(0.015 0.001 0.002)
(0.0155 0.001 0.002)
(0.016 0.001 0.002)
(0.0165 0.001 0.002)
(0.017 0.001 0.002)
(0.0175 0.001 0.002)
(0.018 0.001 0.002)
(0.0185 0.001 0.002)
(0.019 0.001 0.002)
(0.0195 0.001 0.002)
(0.02 0.001 0.002)
(0 0.0015 0.002)
(0.0005 0.0015 0.002)
(0.001 0.0015 0.002)
(0.0015 0.0015 0.002)
(0.002 0.0015 0.002)
(0.0025 0.0015 0.002)
(0.003 0.0015 0.002)
(0.0035 0.0015 0.002)
(0.004 0.0015 0.002)
(0.0045 0.0015 0.002)
(0.005 0.0015 0.002)
(0.0055 0.0015 0.002)
(0.006 0.0015 0.002)
(0.0065 0.0015 0.002)
(0.007 0.0015 0.002)
(0.0075 0.0015 0.002)
(0.008 0.0015 0.002)
(0.0085 0.0015 0.002)
(0.009 0.0015 0.002)
(0.0095 0.0015 0.002)
(0.01 0.0015 0.002)
(0.0105 0.0015 0.002)
(0.011 0.0015 0.002)
(0.0115 0.0015 0.002)
(0.012 0.0015 0.002)
(0.0125 0.0015 0.002)
(0.013 0.0015 0.002)
(0.0135 0.0015 0.002)
(0.014 0.0015 0.002)
(0.0145 0.0015 0.002)
(0.015 0.0015 0.002)
(0.0155 0.0015 0.002)
(0.016 0.0015 0.002)
(0.0165 0.0015 0.002)
(0.017 0.0015 0.002)
(0.0175 0.0015 0.002)
(0.018 0.0015 0.002)
(0.0185 0.0015 0.002)
(0.019 0.0015 0.002)
(0.0195 0.0015 0.002)
(0.02 0.0015 0.002)
(0 0.002 0.002)
(0.0005 0.002 0.002)
(0.001 0.002 0.002)
(0.0015 0.002 0.002)
(0.002 0.002 0.002)
(0.0025 0.002 0.002)
(0.003 0.002 0.002)
(0.0035 0.002 0.002)
(0.004 0.002 0.002)
(0.0045 0.002 0.002)
(0.005 0.002 0.002)
(0.0055 0.002 0.002)
(0.006 0.002 0.002)
(0.0065 0.002 0.002)
(0.007 0.002 0.002)
(0.0075 0.002 0.002)
(0.008 0.002 0.002)
(0.0085 0.002 0.002)
(0.009 0.002 0.002)
(0.0095 0.002 0.002)
(0.01 0.002 0.002)
(0.0105 0.002 0.002)
(0.011 0.002 0.002)
(0.0115 0.002 0.002)
(0.012 0.002 0.002)
(0.0125 0.002 0.002)
(0.013 0.002 0.002)
(0.0135 0.002 0.002)
(0.014 0.002 0.002)
(0.0145 0.002 0.002)
(0.015 0.002 0.002)
(0.0155 0.002 0.002)
(0.016 0.002 0.002)
(0.0165 0.002 0.002)
(0.017 0.002 0.002)
(0.0175 0.002 0.002)
(0.018 0.002 0.002)
(0.0185 0.002 0.002)
(0.019 0.002 0.002)
(0.0195 0.002 0.002)
(0.02 0.002 0.002)
(0 0.0025 0.002)
(0.0005 0.0025 0.002)
(0.001 0.0025 0.002)
(0.0015 0.0025 0.002)
(0.002 0.0025 0.002)
(0.0025 0.0025 0.002)
(0.003 0.0025 0.002)
(0.0035 0.0025 0.002)
(0.004 0.0025 0.002)
(0.0045 0.0025 0.002)
(0.005 0.0025 0.002)
(0.0055 0.0025 0.002)
(0.006 0.0025 0.002)
(0.0065 0.0025 0.002)
(0.007 0.0025 0.002)
(0.0075 0.0025 0.002)
(0.008 0.0025 0.002)
(0.0085 0.0025 0.002)
(0.009 0.0025 0.002)
(0.0095 0.0025 0.002)
(0.01 0.0025 0.002)
(0.0105 0.0025 0.002)
(0.011 0.0025 0.002)
(0.0115 0.0025 0.002)
(0.012 0.0025 0.002)
(0.0125 0.0025 0.002)
(0.013 0.0025 0.002)
(0.0135 0.0025 0.002)
(0.014 0.0025 0.002)
(0.0145 0.0025 0.002)
(0.015 0.0025 0.002)
(0.0155 0.0025 0.002)
(0.016 0.0025 0.002)
(0.0165 0.0025 0.002)
(0.017 0.0025 0.002)
(0.0175 0.0025 0.002)
(0.018 0.0025 0.002)
(0.0185 0.0025 0.002)
(0.019 0.0025 0.002)
(0.0195 0.0025 0.002)
(0.02 0.0025 0.002)
(0 0.003 0.002)
(0.0005 0.003 0.002)
(0.001 0.003 0.002)
(0.0015 0.003 0.002)
(0.002 0.003 0.002)
(0.0025 0.003 0.002)
(0.003 0.003 0.002)
(0.0035 0.003 0.002)
(0.004 0.003 0.002)
(0.0045 0.003 0.002)
(0.005 0.003 0.002)
(0.0055 0.003 0.002)
(0.006 0.003 0.002)
(0.0065 0.003 0.002)
(0.007 0.003 0.002)
(0.0075 0.003 0.002)
(0.008 0.003 0.002)
(0.0085 0.003 0.002)
(0.009 0.003 0.002)
(0.0095 0.003 0.002)
(0.01 0.003 0.002)
(0.0105 0.003 0.002)
(0.011 0.003 0.002)
(0.0115 0.003 0.002)
(0.012 0.003 0.002)
(0.0125 0.003 0.002)
(0.013 0.003 0.002)
(0.0135 0.003 0.002)
(0.014 0.003 0.002)
(0.0145 0.003 0.002)
(0.015 0.003 0.002)
(0.0155 0.003 0.002)
(0.016 0.003 0.002)
(0.0165 0.003 0.002)
(0.017 0.003 0.002)
(0.0175 0.003 0.002)
(0.018 0.003 0.002)
(0.0185 0.003 0.002)
(0.019 0.003 0.002)
(0.0195 0.003 0.002)
(0.02 0.003 0.002)
(0 0 0.0025)
(0.0005 0 0.0025)
(0.001 0 0.0025)
(0.0015 0 0.0025)
(0.002 0 0.0025)
(0.0025 0 0.0025)
(0.003 0 0.0025)
(0.0035 0 0.0025)
(0.004 0 0.0025)
(0.0045 0 0.0025)
(0.005 0 0.0025)
(0.0055 0 0.0025)
(0.006 0 0.0025)
(0.0065 0 0.0025)
(0.007 0 0.0025)
(0.0075 0 0.0025)
(0.008 0 0.0025)
(0.0085 0 0.0025)
(0.009 0 0.0025)
(0.0095 0 0.0025)
(0.01 0 0.0025)
(0.0105 0 0.0025)
(0.011 0 0.0025)
(0.0115 0 0.0025)
(0.012 0 0.0025)
(0.0125 0 0.0025)
(0.013 0 0.0025)
(0.0135 0 0.0025)
(0.014 0 0.0025)
(0.0145 0 0.0025)
(0.015 0 0.0025)
(0.0155 0 0.0025)
(0.016 0 0.0025)
(0.0165 0 0.0025)
(0.017 0 0.0025)
(0.0175 0 0.0025)
(0.018 0 0.0025)
(0.0185 0 0.0025)
(0.019 0 0.0025)
(0.0195 0 0.0025)
(0.02 0 0.0025)
(0 0.0005 0.0025)
(0.0005 0.0005 0.0025)
(0.001 0.0005 0.0025)
(0.0015 0.0005 0.0025)
(0.002 0.0005 0.0025)
(0.0025 0.0005 0.0025)
(0.003 0.0005 0.0025)
(0.0035 0.0005 0.0025)
(0.004 0.0005 0.0025)
(0.0045 0.0005 0.0025)
(0.005 0.0005 0.0025)
(0.0055 0.0005 0.0025)
(0.006 0.0005 0.0025)
(0.0065 0.0005 0.0025)
(0.007 0.0005 0.0025)
(0.0075 0.0005 0.0025)
(0.008 0.0005 0.0025)
(0.0085 0.0005 0.0025)
(0.009 0.0005 0.0025)
(0.0095 0.0005 0.0025)
(0.01 0.0005 0.0025)
(0.0105 0.0005 0.0025)
(0.011 0.0005 0.0025)
(0.0115 0.0005 0.0025)
(0.012 0.0005 0.0025)
(0.0125 0.0005 0.0025)
(0.013 0.0005 0.0025)
(0.0135 0.0005 0.0025)
(0.014 0.0005 0.0025)
(0.0145 0.0005 0.0025)
(0.015 0.0005 0.0025)
(0.0155 0.0005 0.0025)
(0.016 0.0005 0.0025)
(0.0165 0.0005 0.0025)
(0.017 0.0005 0.0025)
(0.0175 0.0005 0.0025)
(0.018 0.0005 0.0025)
(0.0185 0.0005 0.0025)
(0.019 0.0005 0.0025)
(0.0195 0.0005 0.0025)
(0.02 0.0005 0.0025)
(0 0.001 0.0025)
(0.0005 0.001 0.0025)
(0.001 0.001 0.0025)
(0.0015 0.001 0.0025)
(0.002 0.001 0.0025)
(0.0025 0.001 0.0025)
(0.003 0.001 0.0025)
(0.0035 0.001 0.0025)
(0.004 0.001 0.0025)
(0.0045 0.001 0.0025)
(0.005 0.001 0.0025)
(0.0055 0.001 0.0025)
(0.006 0.001 0.0025)
(0.0065 0.001 0.0025)
(0.007 0.001 0.0025)
(0.0075 0.001 0.0025)
(0.008 0.001 0.0025)
(0.0085 0.001 0.0025)
(0.009 0.001 0.0025)
(0.0095 0.001 0.0025)
(0.01 0.001 0.0025)
(0.0105 0.001 0.0025)
(0.011 0.001 0.0025)
(0.0115 0.001 0.0025)
(0.012 0.001 0.0025)
(0.0125 0.001 0.0025)
(0.013 0.001 0.0025)
(0.0135 0.001 0.0025)
(0.014 0.001 0.0025)
(0.0145 0.001 0.0025)
(0.015 0.001 0.0025)
(0.0155 0.001 0.0025)
(0.016 0.001 0.0025)
(0.0165 0.001 0.0025)
(0.017 0.001 0.0025)
(0.0175 0.001 0.0025)
(0.018 0.001 0.0025)
(0.0185 0.001 0.0025)
(0.019 0.001 0.0025)
(0.0195 0.001 0.0025)
(0.02 0.001 0.0025)
(0 0.0015 0.0025)
(0.0005 0.0015 0.0025)
(0.001 0.0015 0.0025)
(0.0015 0.0015 0.0025)
(0.002 0.0015 0.0025)
(0.0025 0.0015 0.0025)
(0.003 0.0015 0.0025)
(0.0035 0.0015 0.0025)
(0.004 0.0015 0.0025)
(0.0045 0.0015 0.0025)
(0.005 0.0015 0.0025)
(0.0055 0.0015 0.0025)
(0.006 0.0015 0.0025)
(0.0065 0.0015 0.0025)
(0.007 0.0015 0.0025)
(0.0075 0.0015 0.0025)
(0.008 0.0015 0.0025)
(0.0085 0.0015 0.0025)
(0.009 0.0015 0.0025)
(0.0095 0.0015 0.0025)
(0.01 0.0015 0.0025)
(0.0105 0.0015 0.0025)
(0.011 0.0015 0.0025)
(0.0115 0.0015 0.0025)
(0.012 0.0015 0.0025)
(0.0125 0.0015 0.0025)
(0.013 0.0015 0.0025)
(0.0135 0.0015 0.0025)
(0.014 0.0015 0.0025)
(0.0145 0.0015 0.0025)
(0.015 0.0015 0.0025)
(0.0155 0.0015 0.0025)
(0.016 0.0015 0.0025)
(0.0165 0.0015 0.0025)
(0.017 0.0015 0.0025)
(0.0175 0.0015 0.0025)
(0.018 0.0015 0.0025)
(0.0185 0.0015 0.0025)
(0.019 0.0015 0.0025)
(0.0195 0.0015 0.0025)
(0.02 0.0015 0.0025)
(0 0.002 0.0025)
(0.0005 0.002 0.0025)
(0.001 0.002 0.0025)
(0.0015 0.002 0.0025)
(0.002 0.002 0.0025)
(0.0025 0.002 0.0025)
(0.003 0.002 0.0025)
(0.0035 0.002 0.0025)
(0.004 0.002 0.0025)
(0.0045 0.002 0.0025)
(0.005 0.002 0.0025)
(0.0055 0.002 0.0025)
(0.006 0.002 0.0025)
(0.0065 0.002 0.0025)
(0.007 0.002 0.0025)
(0.0075 0.002 0.0025)
(0.008 0.002 0.0025)
(0.0085 0.002 0.0025)
(0.009 0.002 0.0025)
(0.0095 0.002 0.0025)
(0.01 0.002 0.0025)
(0.0105 0.002 0.0025)
(0.011 0.002 0.0025)
(0.0115 0.002 0.0025)
(0.012 0.002 0.0025)
(0.0125 0.002 0.0025)
(0.013 0.002 0.0025)
(0.0135 0.002 0.0025)
(0.014 0.002 0.0025)
(0.0145 0.002 0.0025)
(0.015 0.002 0.0025)
(0.0155 0.002 0.0025)
(0.016 0.002 0.0025)
(0.0165 0.002 0.0025)
(0.017 0.002 0.0025)
(0.0175 0.002 0.0025)
(0.018 0.002 0.0025)
(0.0185 0.002 0.0025)
(0.019 0.002 0.0025)
(0.0195 0.002 0.0025)
(0.02 0.002 0.0025)
(0 0.0025 0.0025)
(0.0005 0.0025 0.0025)
(0.001 0.0025 0.0025)
(0.0015 0.0025 0.0025)
(0.002 0.0025 0.0025)
(0.0025 0.0025 0.0025)
(0.003 0.0025 0.0025)
(0.0035 0.0025 0.0025)
(0.004 0.0025 0.0025)
(0.0045 0.0025 0.0025)
(0.005 0.0025 0.0025)
(0.0055 0.0025 0.0025)
(0.006 0.0025 0.0025)
(0.0065 0.0025 0.0025)
(0.007 0.0025 0.0025)
(0.0075 0.0025 0.0025)
(0.008 0.0025 0.0025)
(0.0085 0.0025 0.0025)
(0.009 0.0025 0.0025)
(0.0095 0.0025 0.0025)
(0.01 0.0025 0.0025)
(0.0105 0.0025 0.0025)
(0.011 0.0025 0.0025)
(0.0115 0.0025 0.0025)
(0.012 0.0025 0.0025)
(0.0125 0.0025 0.0025)
(0.013 0.0025 0.0025)
(0.0135 0.0025 0.0025)
(0.014 0.0025 0.0025)
(0.0145 0.0025 0.0025)
(0.015 0.0025 0.0025)
(0.0155 0.0025 0.0025)
(0.016 0.0025 0.0025)
(0.0165 0.0025 0.0025)
(0.017 0.0025 0.0025)
(0.0175 0.0025 0.0025)
(0.018 0.0025 0.0025)
(0.0185 0.0025 0.0025)
(0.019 0.0025 0.0025)
(0.0195 0.0025 0.0025)
(0.02 0.0025 0.0025)
(0 0.003 0.0025)
(0.0005 0.003 0.0025)
(0.001 0.003 0.0025)
(0.0015 0.003 0.0025)
(0.002 0.003 0.0025)
(0.0025 0.003 0.0025)
(0.003 0.003 0.0025)
(0.0035 0.003 0.0025)
(0.004 0.003 0.0025)
(0.0045 0.003 0.0025)
(0.005 0.003 0.0025)
(0.0055 0.003 0.0025)
(0.006 0.003 0.0025)
(0.0065 0.003 0.0025)
(0.007 0.003 0.0025)
(0.0075 0.003 0.0025)
(0.008 0.003 0.0025)
(0.0085 0.003 0.0025)
(0.009 0.003 0.0025)
(0.0095 0.003 0.0025)
(0.01 0.003 0.0025)
(0.0105 0.003 0.0025)
(0.011 0.003 0.0025)
(0.0115 0.003 0.0025)
(0.012 0.003 0.0025)
(0.0125 0.003 0.0025)
(0.013 0.003 0.0025)
(0.0135 0.003 0.0025)
(0.014 0.003 0.0025)
(0.0145 0.003 0.0025)
(0.015 0.003 0.0025)
(0.0155 0.003 0.0025)
(0.016 0.003 0.0025)
(0.0165 0.003 0.0025)
(0.017 0.003 0.0025)
(0.0175 0.003 0.0025)
(0.018 0.003 0.0025)
(0.0185 0.003 0.0025)
(0.019 0.003 0.0025)
(0.0195 0.003 0.0025)
(0.02 0.003 0.0025)
(0 0 0.003)
(0.0005 0 0.003)
(0.001 0 0.003)
(0.0015 0 0.003)
(0.002 0 0.003)
(0.0025 0 0.003)
(0.003 0 0.003)
(0.0035 0 0.003)
(0.004 0 0.003)
(0.0045 0 0.003)
(0.005 0 0.003)
(0.0055 0 0.003)
(0.006 0 0.003)
(0.0065 0 0.003)
(0.007 0 0.003)
(0.0075 0 0.003)
(0.008 0 0.003)
(0.0085 0 0.003)
(0.009 0 0.003)
(0.0095 0 0.003)
(0.01 0 0.003)
(0.0105 0 0.003)
(0.011 0 0.003)
(0.0115 0 0.003)
(0.012 0 0.003)
(0.0125 0 0.003)
(0.013 0 0.003)
(0.0135 0 0.003)
(0.014 0 0.003)
(0.0145 0 0.003)
(0.015 0 0.003)
(0.0155 0 0.003)
(0.016 0 0.003)
(0.0165 0 0.003)
(0.017 0 0.003)
(0.0175 0 0.003)
(0.018 0 0.003)
(0.0185 0 0.003)
(0.019 0 0.003)
(0.0195 0 0.003)
(0.02 0 0.003)
(0 0.0005 0.003)
(0.0005 0.0005 0.003)
(0.001 0.0005 0.003)
(0.0015 0.0005 0.003)
(0.002 0.0005 0.003)
(0.0025 0.0005 0.003)
(0.003 0.0005 0.003)
(0.0035 0.0005 0.003)
(0.004 0.0005 0.003)
(0.0045 0.0005 0.003)
(0.005 0.0005 0.003)
(0.0055 0.0005 0.003)
(0.006 0.0005 0.003)
(0.0065 0.0005 0.003)
(0.007 0.0005 0.003)
(0.0075 0.0005 0.003)
(0.008 0.0005 0.003)
(0.0085 0.0005 0.003)
(0.009 0.0005 0.003)
(0.0095 0.0005 0.003)
(0.01 0.0005 0.003)
(0.0105 0.0005 0.003)
(0.011 0.0005 0.003)
(0.0115 0.0005 0.003)
(0.012 0.0005 0.003)
(0.0125 0.0005 0.003)
(0.013 0.0005 0.003)
(0.0135 0.0005 0.003)
(0.014 0.0005 0.003)
(0.0145 0.0005 0.003)
(0.015 0.0005 0.003)
(0.0155 0.0005 0.003)
(0.016 0.0005 0.003)
(0.0165 0.0005 0.003)
(0.017 0.0005 0.003)
(0.0175 0.0005 0.003)
(0.018 0.0005 0.003)
(0.0185 0.0005 0.003)
(0.019 0.0005 0.003)
(0.0195 0.0005 0.003)
(0.02 0.0005 0.003)
(0 0.001 0.003)
(0.0005 0.001 0.003)
(0.001 0.001 0.003)
(0.0015 0.001 0.003)
(0.002 0.001 0.003)
(0.0025 0.001 0.003)
(0.003 0.001 0.003)
(0.0035 0.001 0.003)
(0.004 0.001 0.003)
(0.0045 0.001 0.003)
(0.005 0.001 0.003)
(0.0055 0.001 0.003)
(0.006 0.001 0.003)
(0.0065 0.001 0.003)
(0.007 0.001 0.003)
(0.0075 0.001 0.003)
(0.008 0.001 0.003)
(0.0085 0.001 0.003)
(0.009 0.001 0.003)
(0.0095 0.001 0.003)
(0.01 0.001 0.003)
(0.0105 0.001 0.003)
(0.011 0.001 0.003)
(0.0115 0.001 0.003)
(0.012 0.001 0.003)
(0.0125 0.001 0.003)
(0.013 0.001 0.003)
(0.0135 0.001 0.003)
(0.014 0.001 0.003)
(0.0145 0.001 0.003)
(0.015 0.001 0.003)
(0.0155 0.001 0.003)
(0.016 0.001 0.003)
(0.0165 0.001 0.003)
(0.017 0.001 0.003)
(0.0175 0.001 0.003)
(0.018 0.001 0.003)
(0.0185 0.001 0.003)
(0.019 0.001 0.003)
(0.0195 0.001 0.003)
(0.02 0.001 0.003)
(0 0.0015 0.003)
(0.0005 0.0015 0.003)
(0.001 0.0015 0.003)
(0.0015 0.0015 0.003)
(0.002 0.0015 0.003)
(0.0025 0.0015 0.003)
(0.003 0.0015 0.003)
(0.0035 0.0015 0.003)
(0.004 0.0015 0.003)
(0.0045 0.0015 0.003)
(0.005 0.0015 0.003)
(0.0055 0.0015 0.003)
(0.006 0.0015 0.003)
(0.0065 0.0015 0.003)
(0.007 0.0015 0.003)
(0.0075 0.0015 0.003)
(0.008 0.0015 0.003)
(0.0085 0.0015 0.003)
(0.009 0.0015 0.003)
(0.0095 0.0015 0.003)
(0.01 0.0015 0.003)
(0.0105 0.0015 0.003)
(0.011 0.0015 0.003)
(0.0115 0.0015 0.003)
(0.012 0.0015 0.003)
(0.0125 0.0015 0.003)
(0.013 0.0015 0.003)
(0.0135 0.0015 0.003)
(0.014 0.0015 0.003)
(0.0145 0.0015 0.003)
(0.015 0.0015 0.003)
(0.0155 0.0015 0.003)
(0.016 0.0015 0.003)
(0.0165 0.0015 0.003)
(0.017 0.0015 0.003)
(0.0175 0.0015 0.003)
(0.018 0.0015 0.003)
(0.0185 0.0015 0.003)
(0.019 0.0015 0.003)
(0.0195 0.0015 0.003)
(0.02 0.0015 0.003)
(0 0.002 0.003)
(0.0005 0.002 0.003)
(0.001 0.002 0.003)
(0.0015 0.002 0.003)
(0.002 0.002 0.003)
(0.0025 0.002 0.003)
(0.003 0.002 0.003)
(0.0035 0.002 0.003)
(0.004 0.002 0.003)
(0.0045 0.002 0.003)
(0.005 0.002 0.003)
(0.0055 0.002 0.003)
(0.006 0.002 0.003)
(0.0065 0.002 0.003)
(0.007 0.002 0.003)
(0.0075 0.002 0.003)
(0.008 0.002 0.003)
(0.0085 0.002 0.003)
(0.009 0.002 0.003)
(0.0095 0.002 0.003)
(0.01 0.002 0.003)
(0.0105 0.002 0.003)
(0.011 0.002 0.003)
(0.0115 0.002 0.003)
(0.012 0.002 0.003)
(0.0125 0.002 0.003)
(0.013 0.002 0.003)
(0.0135 0.002 0.003)
(0.014 0.002 0.003)
(0.0145 0.002 0.003)
(0.015 0.002 0.003)
(0.0155 0.002 0.003)
(0.016 0.002 0.003)
(0.0165 0.002 0.003)
(0.017 0.002 0.003)
(0.0175 0.002 0.003)
(0.018 0.002 0.003)
(0.0185 0.002 0.003)
(0.019 0.002 0.003)
(0.0195 0.002 0.003)
(0.02 0.002 0.003)
(0 0.0025 0.003)
(0.0005 0.0025 0.003)
(0.001 0.0025 0.003)
(0.0015 0.0025 0.003)
(0.002 0.0025 0.003)
(0.0025 0.0025 0.003)
(0.003 0.0025 0.003)
(0.0035 0.0025 0.003)
(0.004 0.0025 0.003)
(0.0045 0.0025 0.003)
(0.005 0.0025 0.003)
(0.0055 0.0025 0.003)
(0.006 0.0025 0.003)
(0.0065 0.0025 0.003)
(0.007 0.0025 0.003)
(0.0075 0.0025 0.003)
(0.008 0.0025 0.003)
(0.0085 0.0025 0.003)
(0.009 0.0025 0.003)
(0.0095 0.0025 0.003)
(0.01 0.0025 0.003)
(0.0105 0.0025 0.003)
(0.011 0.0025 0.003)
(0.0115 0.0025 0.003)
(0.012 0.0025 0.003)
(0.0125 0.0025 0.003)
(0.013 0.0025 0.003)
(0.0135 0.0025 0.003)
(0.014 0.0025 0.003)
(0.0145 0.0025 0.003)
(0.015 0.0025 0.003)
(0.0155 0.0025 0.003)
(0.016 0.0025 0.003)
(0.0165 0.0025 0.003)
(0.017 0.0025 0.003)
(0.0175 0.0025 0.003)
(0.018 0.0025 0.003)
(0.0185 0.0025 0.003)
(0.019 0.0025 0.003)
(0.0195 0.0025 0.003)
(0.02 0.0025 0.003)
(0 0.003 0.003)
(0.0005 0.003 0.003)
(0.001 0.003 0.003)
(0.0015 0.003 0.003)
(0.002 0.003 0.003)
(0.0025 0.003 0.003)
(0.003 0.003 0.003)
(0.0035 0.003 0.003)
(0.004 0.003 0.003)
(0.0045 0.003 0.003)
(0.005 0.003 0.003)
(0.0055 0.003 0.003)
(0.006 0.003 0.003)
(0.0065 0.003 0.003)
(0.007 0.003 0.003)
(0.0075 0.003 0.003)
(0.008 0.003 0.003)
(0.0085 0.003 0.003)
(0.009 0.003 0.003)
(0.0095 0.003 0.003)
(0.01 0.003 0.003)
(0.0105 0.003 0.003)
(0.011 0.003 0.003)
(0.0115 0.003 0.003)
(0.012 0.003 0.003)
(0.0125 0.003 0.003)
(0.013 0.003 0.003)
(0.0135 0.003 0.003)
(0.014 0.003 0.003)
(0.0145 0.003 0.003)
(0.015 0.003 0.003)
(0.0155 0.003 0.003)
(0.016 0.003 0.003)
(0.0165 0.003 0.003)
(0.017 0.003 0.003)
(0.0175 0.003 0.003)
(0.018 0.003 0.003)
(0.0185 0.003 0.003)
(0.019 0.003 0.003)
(0.0195 0.003 0.003)
(0.02 0.003 0.003)
(0 0 0.0035)
(0.0005 0 0.0035)
(0.001 0 0.0035)
(0.0015 0 0.0035)
(0.002 0 0.0035)
(0.0025 0 0.0035)
(0.003 0 0.0035)
(0.0035 0 0.0035)
(0.004 0 0.0035)
(0.0045 0 0.0035)
(0.005 0 0.0035)
(0.0055 0 0.0035)
(0.006 0 0.0035)
(0.0065 0 0.0035)
(0.007 0 0.0035)
(0.0075 0 0.0035)
(0.008 0 0.0035)
(0.0085 0 0.0035)
(0.009 0 0.0035)
(0.0095 0 0.0035)
(0.01 0 0.0035)
(0.0105 0 0.0035)
(0.011 0 0.0035)
(0.0115 0 0.0035)
(0.012 0 0.0035)
(0.0125 0 0.0035)
(0.013 0 0.0035)
(0.0135 0 0.0035)
(0.014 0 0.0035)
(0.0145 0 0.0035)
(0.015 0 0.0035)
(0.0155 0 0.0035)
(0.016 0 0.0035)
(0.0165 0 0.0035)
(0.017 0 0.0035)
(0.0175 0 0.0035)
(0.018 0 0.0035)
(0.0185 0 0.0035)
(0.019 0 0.0035)
(0.0195 0 0.0035)
(0.02 0 0.0035)
(0 0.0005 0.0035)
(0.0005 0.0005 0.0035)
(0.001 0.0005 0.0035)
(0.0015 0.0005 0.0035)
(0.002 0.0005 0.0035)
(0.0025 0.0005 0.0035)
(0.003 0.0005 0.0035)
(0.0035 0.0005 0.0035)
(0.004 0.0005 0.0035)
(0.0045 0.0005 0.0035)
(0.005 0.0005 0.0035)
(0.0055 0.0005 0.0035)
(0.006 0.0005 0.0035)
(0.0065 0.0005 0.0035)
(0.007 0.0005 0.0035)
(0.0075 0.0005 0.0035)
(0.008 0.0005 0.0035)
(0.0085 0.0005 0.0035)
(0.009 0.0005 0.0035)
(0.0095 0.0005 0.0035)
(0.01 0.0005 0.0035)
(0.0105 0.0005 0.0035)
(0.011 0.0005 0.0035)
(0.0115 0.0005 0.0035)
(0.012 0.0005 0.0035)
(0.0125 0.0005 0.0035)
(0.013 0.0005 0.0035)
(0.0135 0.0005 0.0035)
(0.014 0.0005 0.0035)
(0.0145 0.0005 0.0035)
(0.015 0.0005 0.0035)
(0.0155 0.0005 0.0035)
(0.016 0.0005 0.0035)
(0.0165 0.0005 0.0035)
(0.017 0.0005 0.0035)
(0.0175 0.0005 0.0035)
(0.018 0.0005 0.0035)
(0.0185 0.0005 0.0035)
(0.019 0.0005 0.0035)
(0.0195 0.0005 0.0035)
(0.02 0.0005 0.0035)
(0 0.001 0.0035)
(0.0005 0.001 0.0035)
(0.001 0.001 0.0035)
(0.0015 0.001 0.0035)
(0.002 0.001 0.0035)
(0.0025 0.001 0.0035)
(0.003 0.001 0.0035)
(0.0035 0.001 0.0035)
(0.004 0.001 0.0035)
(0.0045 0.001 0.0035)
(0.005 0.001 0.0035)
(0.0055 0.001 0.0035)
(0.006 0.001 0.0035)
(0.0065 0.001 0.0035)
(0.007 0.001 0.0035)
(0.0075 0.001 0.0035)
(0.008 0.001 0.0035)
(0.0085 0.001 0.0035)
(0.009 0.001 0.0035)
(0.0095 0.001 0.0035)
(0.01 0.001 0.0035)
(0.0105 0.001 0.0035)
(0.011 0.001 0.0035)
(0.0115 0.001 0.0035)
(0.012 0.001 0.0035)
(0.0125 0.001 0.0035)
(0.013 0.001 0.0035)
(0.0135 0.001 0.0035)
(0.014 0.001 0.0035)
(0.0145 0.001 0.0035)
(0.015 0.001 0.0035)
(0.0155 0.001 0.0035)
(0.016 0.001 0.0035)
(0.0165 0.001 0.0035)
(0.017 0.001 0.0035)
(0.0175 0.001 0.0035)
(0.018 0.001 0.0035)
(0.0185 0.001 0.0035)
(0.019 0.001 0.0035)
(0.0195 0.001 0.0035)
(0.02 0.001 0.0035)
(0 0.0015 0.0035)
(0.0005 0.0015 0.0035)
(0.001 0.0015 0.0035)
(0.0015 0.0015 0.0035)
(0.002 0.0015 0.0035)
(0.0025 0.0015 0.0035)
(0.003 0.0015 0.0035)
(0.0035 0.0015 0.0035)
(0.004 0.0015 0.0035)
(0.0045 0.0015 0.0035)
(0.005 0.0015 0.0035)
(0.0055 0.0015 0.0035)
(0.006 0.0015 0.0035)
(0.0065 0.0015 0.0035)
(0.007 0.0015 0.0035)
(0.0075 0.0015 0.0035)
(0.008 0.0015 0.0035)
(0.0085 0.0015 0.0035)
(0.009 0.0015 0.0035)
(0.0095 0.0015 0.0035)
(0.01 0.0015 0.0035)
(0.0105 0.0015 0.0035)
(0.011 0.0015 0.0035)
(0.0115 0.0015 0.0035)
(0.012 0.0015 0.0035)
(0.0125 0.0015 0.0035)
(0.013 0.0015 0.0035)
(0.0135 0.0015 0.0035)
(0.014 0.0015 0.0035)
(0.0145 0.0015 0.0035)
(0.015 0.0015 0.0035)
(0.0155 0.0015 0.0035)
(0.016 0.0015 0.0035)
(0.0165 0.0015 0.0035)
(0.017 0.0015 0.0035)
(0.0175 0.0015 0.0035)
(0.018 0.0015 0.0035)
(0.0185 0.0015 0.0035)
(0.019 0.0015 0.0035)
(0.0195 0.0015 0.0035)
(0.02 0.0015 0.0035)
(0 0.002 0.0035)
(0.0005 0.002 0.0035)
(0.001 0.002 0.0035)
(0.0015 0.002 0.0035)
(0.002 0.002 0.0035)
(0.0025 0.002 0.0035)
(0.003 0.002 0.0035)
(0.0035 0.002 0.0035)
(0.004 0.002 0.0035)
(0.0045 0.002 0.0035)
(0.005 0.002 0.0035)
(0.0055 0.002 0.0035)
(0.006 0.002 0.0035)
(0.0065 0.002 0.0035)
(0.007 0.002 0.0035)
(0.0075 0.002 0.0035)
(0.008 0.002 0.0035)
(0.0085 0.002 0.0035)
(0.009 0.002 0.0035)
(0.0095 0.002 0.0035)
(0.01 0.002 0.0035)
(0.0105 0.002 0.0035)
(0.011 0.002 0.0035)
(0.0115 0.002 0.0035)
(0.012 0.002 0.0035)
(0.0125 0.002 0.0035)
(0.013 0.002 0.0035)
(0.0135 0.002 0.0035)
(0.014 0.002 0.0035)
(0.0145 0.002 0.0035)
(0.015 0.002 0.0035)
(0.0155 0.002 0.0035)
(0.016 0.002 0.0035)
(0.0165 0.002 0.0035)
(0.017 0.002 0.0035)
(0.0175 0.002 0.0035)
(0.018 0.002 0.0035)
(0.0185 0.002 0.0035)
(0.019 0.002 0.0035)
(0.0195 0.002 0.0035)
(0.02 0.002 0.0035)
(0 0.0025 0.0035)
(0.0005 0.0025 0.0035)
(0.001 0.0025 0.0035)
(0.0015 0.0025 0.0035)
(0.002 0.0025 0.0035)
(0.0025 0.0025 0.0035)
(0.003 0.0025 0.0035)
(0.0035 0.0025 0.0035)
(0.004 0.0025 0.0035)
(0.0045 0.0025 0.0035)
(0.005 0.0025 0.0035)
(0.0055 0.0025 0.0035)
(0.006 0.0025 0.0035)
(0.0065 0.0025 0.0035)
(0.007 0.0025 0.0035)
(0.0075 0.0025 0.0035)
(0.008 0.0025 0.0035)
(0.0085 0.0025 0.0035)
(0.009 0.0025 0.0035)
(0.0095 0.0025 0.0035)
(0.01 0.0025 0.0035)
(0.0105 0.0025 0.0035)
(0.011 0.0025 0.0035)
(0.0115 0.0025 0.0035)
(0.012 0.0025 0.0035)
(0.0125 0.0025 0.0035)
(0.013 0.0025 0.0035)
(0.0135 0.0025 0.0035)
(0.014 0.0025 0.0035)
(0.0145 0.0025 0.0035)
(0.015 0.0025 0.0035)
(0.0155 0.0025 0.0035)
(0.016 0.0025 0.0035)
(0.0165 0.0025 0.0035)
(0.017 0.0025 0.0035)
(0.0175 0.0025 0.0035)
(0.018 0.0025 0.0035)
(0.0185 0.0025 0.0035)
(0.019 0.0025 0.0035)
(0.0195 0.0025 0.0035)
(0.02 0.0025 0.0035)
(0 0.003 0.0035)
(0.0005 0.003 0.0035)
(0.001 0.003 0.0035)
(0.0015 0.003 0.0035)
(0.002 0.003 0.0035)
(0.0025 0.003 0.0035)
(0.003 0.003 0.0035)
(0.0035 0.003 0.0035)
(0.004 0.003 0.0035)
(0.0045 0.003 0.0035)
(0.005 0.003 0.0035)
(0.0055 0.003 0.0035)
(0.006 0.003 0.0035)
(0.0065 0.003 0.0035)
(0.007 0.003 0.0035)
(0.0075 0.003 0.0035)
(0.008 0.003 0.0035)
(0.0085 0.003 0.0035)
(0.009 0.003 0.0035)
(0.0095 0.003 0.0035)
(0.01 0.003 0.0035)
(0.0105 0.003 0.0035)
(0.011 0.003 0.0035)
(0.0115 0.003 0.0035)
(0.012 0.003 0.0035)
(0.0125 0.003 0.0035)
(0.013 0.003 0.0035)
(0.0135 0.003 0.0035)
(0.014 0.003 0.0035)
(0.0145 0.003 0.0035)
(0.015 0.003 0.0035)
(0.0155 0.003 0.0035)
(0.016 0.003 0.0035)
(0.0165 0.003 0.0035)
(0.017 0.003 0.0035)
(0.0175 0.003 0.0035)
(0.018 0.003 0.0035)
(0.0185 0.003 0.0035)
(0.019 0.003 0.0035)
(0.0195 0.003 0.0035)
(0.02 0.003 0.0035)
(0 0 0.004)
(0.0005 0 0.004)
(0.001 0 0.004)
(0.0015 0 0.004)
(0.002 0 0.004)
(0.0025 0 0.004)
(0.003 0 0.004)
(0.0035 0 0.004)
(0.004 0 0.004)
(0.0045 0 0.004)
(0.005 0 0.004)
(0.0055 0 0.004)
(0.006 0 0.004)
(0.0065 0 0.004)
(0.007 0 0.004)
(0.0075 0 0.004)
(0.008 0 0.004)
(0.0085 0 0.004)
(0.009 0 0.004)
(0.0095 0 0.004)
(0.01 0 0.004)
(0.0105 0 0.004)
(0.011 0 0.004)
(0.0115 0 0.004)
(0.012 0 0.004)
(0.0125 0 0.004)
(0.013 0 0.004)
(0.0135 0 0.004)
(0.014 0 0.004)
(0.0145 0 0.004)
(0.015 0 0.004)
(0.0155 0 0.004)
(0.016 0 0.004)
(0.0165 0 0.004)
(0.017 0 0.004)
(0.0175 0 0.004)
(0.018 0 0.004)
(0.0185 0 0.004)
(0.019 0 0.004)
(0.0195 0 0.004)
(0.02 0 0.004)
(0 0.0005 0.004)
(0.0005 0.0005 0.004)
(0.001 0.0005 0.004)
(0.0015 0.0005 0.004)
(0.002 0.0005 0.004)
(0.0025 0.0005 0.004)
(0.003 0.0005 0.004)
(0.0035 0.0005 0.004)
(0.004 0.0005 0.004)
(0.0045 0.0005 0.004)
(0.005 0.0005 0.004)
(0.0055 0.0005 0.004)
(0.006 0.0005 0.004)
(0.0065 0.0005 0.004)
(0.007 0.0005 0.004)
(0.0075 0.0005 0.004)
(0.008 0.0005 0.004)
(0.0085 0.0005 0.004)
(0.009 0.0005 0.004)
(0.0095 0.0005 0.004)
(0.01 0.0005 0.004)
(0.0105 0.0005 0.004)
(0.011 0.0005 0.004)
(0.0115 0.0005 0.004)
(0.012 0.0005 0.004)
(0.0125 0.0005 0.004)
(0.013 0.0005 0.004)
(0.0135 0.0005 0.004)
(0.014 0.0005 0.004)
(0.0145 0.0005 0.004)
(0.015 0.0005 0.004)
(0.0155 0.0005 0.004)
(0.016 0.0005 0.004)
(0.0165 0.0005 0.004)
(0.017 0.0005 0.004)
(0.0175 0.0005 0.004)
(0.018 0.0005 0.004)
(0.0185 0.0005 0.004)
(0.019 0.0005 0.004)
(0.0195 0.0005 0.004)
(0.02 0.0005 0.004)
(0 0.001 0.004)
(0.0005 0.001 0.004)
(0.001 0.001 0.004)
(0.0015 0.001 0.004)
(0.002 0.001 0.004)
(0.0025 0.001 0.004)
(0.003 0.001 0.004)
(0.0035 0.001 0.004)
(0.004 0.001 0.004)
(0.0045 0.001 0.004)
(0.005 0.001 0.004)
(0.0055 0.001 0.004)
(0.006 0.001 0.004)
(0.0065 0.001 0.004)
(0.007 0.001 0.004)
(0.0075 0.001 0.004)
(0.008 0.001 0.004)
(0.0085 0.001 0.004)
(0.009 0.001 0.004)
(0.0095 0.001 0.004)
(0.01 0.001 0.004)
(0.0105 0.001 0.004)
(0.011 0.001 0.004)
(0.0115 0.001 0.004)
(0.012 0.001 0.004)
(0.0125 0.001 0.004)
(0.013 0.001 0.004)
(0.0135 0.001 0.004)
(0.014 0.001 0.004)
(0.0145 0.001 0.004)
(0.015 0.001 0.004)
(0.0155 0.001 0.004)
(0.016 0.001 0.004)
(0.0165 0.001 0.004)
(0.017 0.001 0.004)
(0.0175 0.001 0.004)
(0.018 0.001 0.004)
(0.0185 0.001 0.004)
(0.019 0.001 0.004)
(0.0195 0.001 0.004)
(0.02 0.001 0.004)
(0 0.0015 0.004)
(0.0005 0.0015 0.004)
(0.001 0.0015 0.004)
(0.0015 0.0015 0.004)
(0.002 0.0015 0.004)
(0.0025 0.0015 0.004)
(0.003 0.0015 0.004)
(0.0035 0.0015 0.004)
(0.004 0.0015 0.004)
(0.0045 0.0015 0.004)
(0.005 0.0015 0.004)
(0.0055 0.0015 0.004)
(0.006 0.0015 0.004)
(0.0065 0.0015 0.004)
(0.007 0.0015 0.004)
(0.0075 0.0015 0.004)
(0.008 0.0015 0.004)
(0.0085 0.0015 0.004)
(0.009 0.0015 0.004)
(0.0095 0.0015 0.004)
(0.01 0.0015 0.004)
(0.0105 0.0015 0.004)
(0.011 0.0015 0.004)
(0.0115 0.0015 0.004)
(0.012 0.0015 0.004)
(0.0125 0.0015 0.004)
(0.013 0.0015 0.004)
(0.0135 0.0015 0.004)
(0.014 0.0015 0.004)
(0.0145 0.0015 0.004)
(0.015 0.0015 0.004)
(0.0155 0.0015 0.004)
(0.016 0.0015 0.004)
(0.0165 0.0015 0.004)
(0.017 0.0015 0.004)
(0.0175 0.0015 0.004)
(0.018 0.0015 0.004)
(0.0185 0.0015 0.004)
(0.019 0.0015 0.004)
(0.0195 0.0015 0.004)
(0.02 0.0015 0.004)
(0 0.002 0.004)
(0.0005 0.002 0.004)
(0.001 0.002 0.004)
(0.0015 0.002 0.004)
(0.002 0.002 0.004)
(0.0025 0.002 0.004)
(0.003 0.002 0.004)
(0.0035 0.002 0.004)
(0.004 0.002 0.004)
(0.0045 0.002 0.004)
(0.005 0.002 0.004)
(0.0055 0.002 0.004)
(0.006 0.002 0.004)
(0.0065 0.002 0.004)
(0.007 0.002 0.004)
(0.0075 0.002 0.004)
(0.008 0.002 0.004)
(0.0085 0.002 0.004)
(0.009 0.002 0.004)
(0.0095 0.002 0.004)
(0.01 0.002 0.004)
(0.0105 0.002 0.004)
(0.011 0.002 0.004)
(0.0115 0.002 0.004)
(0.012 0.002 0.004)
(0.0125 0.002 0.004)
(0.013 0.002 0.004)
(0.0135 0.002 0.004)
(0.014 0.002 0.004)
(0.0145 0.002 0.004)
(0.015 0.002 0.004)
(0.0155 0.002 0.004)
(0.016 0.002 0.004)
(0.0165 0.002 0.004)
(0.017 0.002 0.004)
(0.0175 0.002 0.004)
(0.018 0.002 0.004)
(0.0185 0.002 0.004)
(0.019 0.002 0.004)
(0.0195 0.002 0.004)
(0.02 0.002 0.004)
(0 0.0025 0.004)
(0.0005 0.0025 0.004)
(0.001 0.0025 0.004)
(0.0015 0.0025 0.004)
(0.002 0.0025 0.004)
(0.0025 0.0025 0.004)
(0.003 0.0025 0.004)
(0.0035 0.0025 0.004)
(0.004 0.0025 0.004)
(0.0045 0.0025 0.004)
(0.005 0.0025 0.004)
(0.0055 0.0025 0.004)
(0.006 0.0025 0.004)
(0.0065 0.0025 0.004)
(0.007 0.0025 0.004)
(0.0075 0.0025 0.004)
(0.008 0.0025 0.004)
(0.0085 0.0025 0.004)
(0.009 0.0025 0.004)
(0.0095 0.0025 0.004)
(0.01 0.0025 0.004)
(0.0105 0.0025 0.004)
(0.011 0.0025 0.004)
(0.0115 0.0025 0.004)
(0.012 0.0025 0.004)
(0.0125 0.0025 0.004)
(0.013 0.0025 0.004)
(0.0135 0.0025 0.004)
(0.014 0.0025 0.004)
(0.0145 0.0025 0.004)
(0.015 0.0025 0.004)
(0.0155 0.0025 0.004)
(0.016 0.0025 0.004)
(0.0165 0.0025 0.004)
(0.017 0.0025 0.004)
(0.0175 0.0025 0.004)
(0.018 0.0025 0.004)
(0.0185 0.0025 0.004)
(0.019 0.0025 0.004)
(0.0195 0.0025 0.004)
(0.02 0.0025 0.004)
(0 0.003 0.004)
(0.0005 0.003 0.004)
(0.001 0.003 0.004)
(0.0015 0.003 0.004)
(0.002 0.003 0.004)
(0.0025 0.003 0.004)
(0.003 0.003 0.004)
(0.0035 0.003 0.004)
(0.004 0.003 0.004)
(0.0045 0.003 0.004)
(0.005 0.003 0.004)
(0.0055 0.003 0.004)
(0.006 0.003 0.004)
(0.0065 0.003 0.004)
(0.007 0.003 0.004)
(0.0075 0.003 0.004)
(0.008 0.003 0.004)
(0.0085 0.003 0.004)
(0.009 0.003 0.004)
(0.0095 0.003 0.004)
(0.01 0.003 0.004)
(0.0105 0.003 0.004)
(0.011 0.003 0.004)
(0.0115 0.003 0.004)
(0.012 0.003 0.004)
(0.0125 0.003 0.004)
(0.013 0.003 0.004)
(0.0135 0.003 0.004)
(0.014 0.003 0.004)
(0.0145 0.003 0.004)
(0.015 0.003 0.004)
(0.0155 0.003 0.004)
(0.016 0.003 0.004)
(0.0165 0.003 0.004)
(0.017 0.003 0.004)
(0.0175 0.003 0.004)
(0.018 0.003 0.004)
(0.0185 0.003 0.004)
(0.019 0.003 0.004)
(0.0195 0.003 0.004)
(0.02 0.003 0.004)
(0 0 0.0045)
(0.0005 0 0.0045)
(0.001 0 0.0045)
(0.0015 0 0.0045)
(0.002 0 0.0045)
(0.0025 0 0.0045)
(0.003 0 0.0045)
(0.0035 0 0.0045)
(0.004 0 0.0045)
(0.0045 0 0.0045)
(0.005 0 0.0045)
(0.0055 0 0.0045)
(0.006 0 0.0045)
(0.0065 0 0.0045)
(0.007 0 0.0045)
(0.0075 0 0.0045)
(0.008 0 0.0045)
(0.0085 0 0.0045)
(0.009 0 0.0045)
(0.0095 0 0.0045)
(0.01 0 0.0045)
(0.0105 0 0.0045)
(0.011 0 0.0045)
(0.0115 0 0.0045)
(0.012 0 0.0045)
(0.0125 0 0.0045)
(0.013 0 0.0045)
(0.0135 0 0.0045)
(0.014 0 0.0045)
(0.0145 0 0.0045)
(0.015 0 0.0045)
(0.0155 0 0.0045)
(0.016 0 0.0045)
(0.0165 0 0.0045)
(0.017 0 0.0045)
(0.0175 0 0.0045)
(0.018 0 0.0045)
(0.0185 0 0.0045)
(0.019 0 0.0045)
(0.0195 0 0.0045)
(0.02 0 0.0045)
(0 0.0005 0.0045)
(0.0005 0.0005 0.0045)
(0.001 0.0005 0.0045)
(0.0015 0.0005 0.0045)
(0.002 0.0005 0.0045)
(0.0025 0.0005 0.0045)
(0.003 0.0005 0.0045)
(0.0035 0.0005 0.0045)
(0.004 0.0005 0.0045)
(0.0045 0.0005 0.0045)
(0.005 0.0005 0.0045)
(0.0055 0.0005 0.0045)
(0.006 0.0005 0.0045)
(0.0065 0.0005 0.0045)
(0.007 0.0005 0.0045)
(0.0075 0.0005 0.0045)
(0.008 0.0005 0.0045)
(0.0085 0.0005 0.0045)
(0.009 0.0005 0.0045)
(0.0095 0.0005 0.0045)
(0.01 0.0005 0.0045)
(0.0105 0.0005 0.0045)
(0.011 0.0005 0.0045)
(0.0115 0.0005 0.0045)
(0.012 0.0005 0.0045)
(0.0125 0.0005 0.0045)
(0.013 0.0005 0.0045)
(0.0135 0.0005 0.0045)
(0.014 0.0005 0.0045)
(0.0145 0.0005 0.0045)
(0.015 0.0005 0.0045)
(0.0155 0.0005 0.0045)
(0.016 0.0005 0.0045)
(0.0165 0.0005 0.0045)
(0.017 0.0005 0.0045)
(0.0175 0.0005 0.0045)
(0.018 0.0005 0.0045)
(0.0185 0.0005 0.0045)
(0.019 0.0005 0.0045)
(0.0195 0.0005 0.0045)
(0.02 0.0005 0.0045)
(0 0.001 0.0045)
(0.0005 0.001 0.0045)
(0.001 0.001 0.0045)
(0.0015 0.001 0.0045)
(0.002 0.001 0.0045)
(0.0025 0.001 0.0045)
(0.003 0.001 0.0045)
(0.0035 0.001 0.0045)
(0.004 0.001 0.0045)
(0.0045 0.001 0.0045)
(0.005 0.001 0.0045)
(0.0055 0.001 0.0045)
(0.006 0.001 0.0045)
(0.0065 0.001 0.0045)
(0.007 0.001 0.0045)
(0.0075 0.001 0.0045)
(0.008 0.001 0.0045)
(0.0085 0.001 0.0045)
(0.009 0.001 0.0045)
(0.0095 0.001 0.0045)
(0.01 0.001 0.0045)
(0.0105 0.001 0.0045)
(0.011 0.001 0.0045)
(0.0115 0.001 0.0045)
(0.012 0.001 0.0045)
(0.0125 0.001 0.0045)
(0.013 0.001 0.0045)
(0.0135 0.001 0.0045)
(0.014 0.001 0.0045)
(0.0145 0.001 0.0045)
(0.015 0.001 0.0045)
(0.0155 0.001 0.0045)
(0.016 0.001 0.0045)
(0.0165 0.001 0.0045)
(0.017 0.001 0.0045)
(0.0175 0.001 0.0045)
(0.018 0.001 0.0045)
(0.0185 0.001 0.0045)
(0.019 0.001 0.0045)
(0.0195 0.001 0.0045)
(0.02 0.001 0.0045)
(0 0.0015 0.0045)
(0.0005 0.0015 0.0045)
(0.001 0.0015 0.0045)
(0.0015 0.0015 0.0045)
(0.002 0.0015 0.0045)
(0.0025 0.0015 0.0045)
(0.003 0.0015 0.0045)
(0.0035 0.0015 0.0045)
(0.004 0.0015 0.0045)
(0.0045 0.0015 0.0045)
(0.005 0.0015 0.0045)
(0.0055 0.0015 0.0045)
(0.006 0.0015 0.0045)
(0.0065 0.0015 0.0045)
(0.007 0.0015 0.0045)
(0.0075 0.0015 0.0045)
(0.008 0.0015 0.0045)
(0.0085 0.0015 0.0045)
(0.009 0.0015 0.0045)
(0.0095 0.0015 0.0045)
(0.01 0.0015 0.0045)
(0.0105 0.0015 0.0045)
(0.011 0.0015 0.0045)
(0.0115 0.0015 0.0045)
(0.012 0.0015 0.0045)
(0.0125 0.0015 0.0045)
(0.013 0.0015 0.0045)
(0.0135 0.0015 0.0045)
(0.014 0.0015 0.0045)
(0.0145 0.0015 0.0045)
(0.015 0.0015 0.0045)
(0.0155 0.0015 0.0045)
(0.016 0.0015 0.0045)
(0.0165 0.0015 0.0045)
(0.017 0.0015 0.0045)
(0.0175 0.0015 0.0045)
(0.018 0.0015 0.0045)
(0.0185 0.0015 0.0045)
(0.019 0.0015 0.0045)
(0.0195 0.0015 0.0045)
(0.02 0.0015 0.0045)
(0 0.002 0.0045)
(0.0005 0.002 0.0045)
(0.001 0.002 0.0045)
(0.0015 0.002 0.0045)
(0.002 0.002 0.0045)
(0.0025 0.002 0.0045)
(0.003 0.002 0.0045)
(0.0035 0.002 0.0045)
(0.004 0.002 0.0045)
(0.0045 0.002 0.0045)
(0.005 0.002 0.0045)
(0.0055 0.002 0.0045)
(0.006 0.002 0.0045)
(0.0065 0.002 0.0045)
(0.007 0.002 0.0045)
(0.0075 0.002 0.0045)
(0.008 0.002 0.0045)
(0.0085 0.002 0.0045)
(0.009 0.002 0.0045)
(0.0095 0.002 0.0045)
(0.01 0.002 0.0045)
(0.0105 0.002 0.0045)
(0.011 0.002 0.0045)
(0.0115 0.002 0.0045)
(0.012 0.002 0.0045)
(0.0125 0.002 0.0045)
(0.013 0.002 0.0045)
(0.0135 0.002 0.0045)
(0.014 0.002 0.0045)
(0.0145 0.002 0.0045)
(0.015 0.002 0.0045)
(0.0155 0.002 0.0045)
(0.016 0.002 0.0045)
(0.0165 0.002 0.0045)
(0.017 0.002 0.0045)
(0.0175 0.002 0.0045)
(0.018 0.002 0.0045)
(0.0185 0.002 0.0045)
(0.019 0.002 0.0045)
(0.0195 0.002 0.0045)
(0.02 0.002 0.0045)
(0 0.0025 0.0045)
(0.0005 0.0025 0.0045)
(0.001 0.0025 0.0045)
(0.0015 0.0025 0.0045)
(0.002 0.0025 0.0045)
(0.0025 0.0025 0.0045)
(0.003 0.0025 0.0045)
(0.0035 0.0025 0.0045)
(0.004 0.0025 0.0045)
(0.0045 0.0025 0.0045)
(0.005 0.0025 0.0045)
(0.0055 0.0025 0.0045)
(0.006 0.0025 0.0045)
(0.0065 0.0025 0.0045)
(0.007 0.0025 0.0045)
(0.0075 0.0025 0.0045)
(0.008 0.0025 0.0045)
(0.0085 0.0025 0.0045)
(0.009 0.0025 0.0045)
(0.0095 0.0025 0.0045)
(0.01 0.0025 0.0045)
(0.0105 0.0025 0.0045)
(0.011 0.0025 0.0045)
(0.0115 0.0025 0.0045)
(0.012 0.0025 0.0045)
(0.0125 0.0025 0.0045)
(0.013 0.0025 0.0045)
(0.0135 0.0025 0.0045)
(0.014 0.0025 0.0045)
(0.0145 0.0025 0.0045)
(0.015 0.0025 0.0045)
(0.0155 0.0025 0.0045)
(0.016 0.0025 0.0045)
(0.0165 0.0025 0.0045)
(0.017 0.0025 0.0045)
(0.0175 0.0025 0.0045)
(0.018 0.0025 0.0045)
(0.0185 0.0025 0.0045)
(0.019 0.0025 0.0045)
(0.0195 0.0025 0.0045)
(0.02 0.0025 0.0045)
(0 0.003 0.0045)
(0.0005 0.003 0.0045)
(0.001 0.003 0.0045)
(0.0015 0.003 0.0045)
(0.002 0.003 0.0045)
(0.0025 0.003 0.0045)
(0.003 0.003 0.0045)
(0.0035 0.003 0.0045)
(0.004 0.003 0.0045)
(0.0045 0.003 0.0045)
(0.005 0.003 0.0045)
(0.0055 0.003 0.0045)
(0.006 0.003 0.0045)
(0.0065 0.003 0.0045)
(0.007 0.003 0.0045)
(0.0075 0.003 0.0045)
(0.008 0.003 0.0045)
(0.0085 0.003 0.0045)
(0.009 0.003 0.0045)
(0.0095 0.003 0.0045)
(0.01 0.003 0.0045)
(0.0105 0.003 0.0045)
(0.011 0.003 0.0045)
(0.0115 0.003 0.0045)
(0.012 0.003 0.0045)
(0.0125 0.003 0.0045)
(0.013 0.003 0.0045)
(0.0135 0.003 0.0045)
(0.014 0.003 0.0045)
(0.0145 0.003 0.0045)
(0.015 0.003 0.0045)
(0.0155 0.003 0.0045)
(0.016 0.003 0.0045)
(0.0165 0.003 0.0045)
(0.017 0.003 0.0045)
(0.0175 0.003 0.0045)
(0.018 0.003 0.0045)
(0.0185 0.003 0.0045)
(0.019 0.003 0.0045)
(0.0195 0.003 0.0045)
(0.02 0.003 0.0045)
(0 0 0.005)
(0.0005 0 0.005)
(0.001 0 0.005)
(0.0015 0 0.005)
(0.002 0 0.005)
(0.0025 0 0.005)
(0.003 0 0.005)
(0.0035 0 0.005)
(0.004 0 0.005)
(0.0045 0 0.005)
(0.005 0 0.005)
(0.0055 0 0.005)
(0.006 0 0.005)
(0.0065 0 0.005)
(0.007 0 0.005)
(0.0075 0 0.005)
(0.008 0 0.005)
(0.0085 0 0.005)
(0.009 0 0.005)
(0.0095 0 0.005)
(0.01 0 0.005)
(0.0105 0 0.005)
(0.011 0 0.005)
(0.0115 0 0.005)
(0.012 0 0.005)
(0.0125 0 0.005)
(0.013 0 0.005)
(0.0135 0 0.005)
(0.014 0 0.005)
(0.0145 0 0.005)
(0.015 0 0.005)
(0.0155 0 0.005)
(0.016 0 0.005)
(0.0165 0 0.005)
(0.017 0 0.005)
(0.0175 0 0.005)
(0.018 0 0.005)
(0.0185 0 0.005)
(0.019 0 0.005)
(0.0195 0 0.005)
(0.02 0 0.005)
(0 0.0005 0.005)
(0.0005 0.0005 0.005)
(0.001 0.0005 0.005)
(0.0015 0.0005 0.005)
(0.002 0.0005 0.005)
(0.0025 0.0005 0.005)
(0.003 0.0005 0.005)
(0.0035 0.0005 0.005)
(0.004 0.0005 0.005)
(0.0045 0.0005 0.005)
(0.005 0.0005 0.005)
(0.0055 0.0005 0.005)
(0.006 0.0005 0.005)
(0.0065 0.0005 0.005)
(0.007 0.0005 0.005)
(0.0075 0.0005 0.005)
(0.008 0.0005 0.005)
(0.0085 0.0005 0.005)
(0.009 0.0005 0.005)
(0.0095 0.0005 0.005)
(0.01 0.0005 0.005)
(0.0105 0.0005 0.005)
(0.011 0.0005 0.005)
(0.0115 0.0005 0.005)
(0.012 0.0005 0.005)
(0.0125 0.0005 0.005)
(0.013 0.0005 0.005)
(0.0135 0.0005 0.005)
(0.014 0.0005 0.005)
(0.0145 0.0005 0.005)
(0.015 0.0005 0.005)
(0.0155 0.0005 0.005)
(0.016 0.0005 0.005)
(0.0165 0.0005 0.005)
(0.017 0.0005 0.005)
(0.0175 0.0005 0.005)
(0.018 0.0005 0.005)
(0.0185 0.0005 0.005)
(0.019 0.0005 0.005)
(0.0195 0.0005 0.005)
(0.02 0.0005 0.005)
(0 0.001 0.005)
(0.0005 0.001 0.005)
(0.001 0.001 0.005)
(0.0015 0.001 0.005)
(0.002 0.001 0.005)
(0.0025 0.001 0.005)
(0.003 0.001 0.005)
(0.0035 0.001 0.005)
(0.004 0.001 0.005)
(0.0045 0.001 0.005)
(0.005 0.001 0.005)
(0.0055 0.001 0.005)
(0.006 0.001 0.005)
(0.0065 0.001 0.005)
(0.007 0.001 0.005)
(0.0075 0.001 0.005)
(0.008 0.001 0.005)
(0.0085 0.001 0.005)
(0.009 0.001 0.005)
(0.0095 0.001 0.005)
(0.01 0.001 0.005)
(0.0105 0.001 0.005)
(0.011 0.001 0.005)
(0.0115 0.001 0.005)
(0.012 0.001 0.005)
(0.0125 0.001 0.005)
(0.013 0.001 0.005)
(0.0135 0.001 0.005)
(0.014 0.001 0.005)
(0.0145 0.001 0.005)
(0.015 0.001 0.005)
(0.0155 0.001 0.005)
(0.016 0.001 0.005)
(0.0165 0.001 0.005)
(0.017 0.001 0.005)
(0.0175 0.001 0.005)
(0.018 0.001 0.005)
(0.0185 0.001 0.005)
(0.019 0.001 0.005)
(0.0195 0.001 0.005)
(0.02 0.001 0.005)
(0 0.0015 0.005)
(0.0005 0.0015 0.005)
(0.001 0.0015 0.005)
(0.0015 0.0015 0.005)
(0.002 0.0015 0.005)
(0.0025 0.0015 0.005)
(0.003 0.0015 0.005)
(0.0035 0.0015 0.005)
(0.004 0.0015 0.005)
(0.0045 0.0015 0.005)
(0.005 0.0015 0.005)
(0.0055 0.0015 0.005)
(0.006 0.0015 0.005)
(0.0065 0.0015 0.005)
(0.007 0.0015 0.005)
(0.0075 0.0015 0.005)
(0.008 0.0015 0.005)
(0.0085 0.0015 0.005)
(0.009 0.0015 0.005)
(0.0095 0.0015 0.005)
(0.01 0.0015 0.005)
(0.0105 0.0015 0.005)
(0.011 0.0015 0.005)
(0.0115 0.0015 0.005)
(0.012 0.0015 0.005)
(0.0125 0.0015 0.005)
(0.013 0.0015 0.005)
(0.0135 0.0015 0.005)
(0.014 0.0015 0.005)
(0.0145 0.0015 0.005)
(0.015 0.0015 0.005)
(0.0155 0.0015 0.005)
(0.016 0.0015 0.005)
(0.0165 0.0015 0.005)
(0.017 0.0015 0.005)
(0.0175 0.0015 0.005)
(0.018 0.0015 0.005)
(0.0185 0.0015 0.005)
(0.019 0.0015 0.005)
(0.0195 0.0015 0.005)
(0.02 0.0015 0.005)
(0 0.002 0.005)
(0.0005 0.002 0.005)
(0.001 0.002 0.005)
(0.0015 0.002 0.005)
(0.002 0.002 0.005)
(0.0025 0.002 0.005)
(0.003 0.002 0.005)
(0.0035 0.002 0.005)
(0.004 0.002 0.005)
(0.0045 0.002 0.005)
(0.005 0.002 0.005)
(0.0055 0.002 0.005)
(0.006 0.002 0.005)
(0.0065 0.002 0.005)
(0.007 0.002 0.005)
(0.0075 0.002 0.005)
(0.008 0.002 0.005)
(0.0085 0.002 0.005)
(0.009 0.002 0.005)
(0.0095 0.002 0.005)
(0.01 0.002 0.005)
(0.0105 0.002 0.005)
(0.011 0.002 0.005)
(0.0115 0.002 0.005)
(0.012 0.002 0.005)
(0.0125 0.002 0.005)
(0.013 0.002 0.005)
(0.0135 0.002 0.005)
(0.014 0.002 0.005)
(0.0145 0.002 0.005)
(0.015 0.002 0.005)
(0.0155 0.002 0.005)
(0.016 0.002 0.005)
(0.0165 0.002 0.005)
(0.017 0.002 0.005)
(0.0175 0.002 0.005)
(0.018 0.002 0.005)
(0.0185 0.002 0.005)
(0.019 0.002 0.005)
(0.0195 0.002 0.005)
(0.02 0.002 0.005)
(0 0.0025 0.005)
(0.0005 0.0025 0.005)
(0.001 0.0025 0.005)
(0.0015 0.0025 0.005)
(0.002 0.0025 0.005)
(0.0025 0.0025 0.005)
(0.003 0.0025 0.005)
(0.0035 0.0025 0.005)
(0.004 0.0025 0.005)
(0.0045 0.0025 0.005)
(0.005 0.0025 0.005)
(0.0055 0.0025 0.005)
(0.006 0.0025 0.005)
(0.0065 0.0025 0.005)
(0.007 0.0025 0.005)
(0.0075 0.0025 0.005)
(0.008 0.0025 0.005)
(0.0085 0.0025 0.005)
(0.009 0.0025 0.005)
(0.0095 0.0025 0.005)
(0.01 0.0025 0.005)
(0.0105 0.0025 0.005)
(0.011 0.0025 0.005)
(0.0115 0.0025 0.005)
(0.012 0.0025 0.005)
(0.0125 0.0025 0.005)
(0.013 0.0025 0.005)
(0.0135 0.0025 0.005)
(0.014 0.0025 0.005)
(0.0145 0.0025 0.005)
(0.015 0.0025 0.005)
(0.0155 0.0025 0.005)
(0.016 0.0025 0.005)
(0.0165 0.0025 0.005)
(0.017 0.0025 0.005)
(0.0175 0.0025 0.005)
(0.018 0.0025 0.005)
(0.0185 0.0025 0.005)
(0.019 0.0025 0.005)
(0.0195 0.0025 0.005)
(0.02 0.0025 0.005)
(0 0.003 0.005)
(0.0005 0.003 0.005)
(0.001 0.003 0.005)
(0.0015 0.003 0.005)
(0.002 0.003 0.005)
(0.0025 0.003 0.005)
(0.003 0.003 0.005)
(0.0035 0.003 0.005)
(0.004 0.003 0.005)
(0.0045 0.003 0.005)
(0.005 0.003 0.005)
(0.0055 0.003 0.005)
(0.006 0.003 0.005)
(0.0065 0.003 0.005)
(0.007 0.003 0.005)
(0.0075 0.003 0.005)
(0.008 0.003 0.005)
(0.0085 0.003 0.005)
(0.009 0.003 0.005)
(0.0095 0.003 0.005)
(0.01 0.003 0.005)
(0.0105 0.003 0.005)
(0.011 0.003 0.005)
(0.0115 0.003 0.005)
(0.012 0.003 0.005)
(0.0125 0.003 0.005)
(0.013 0.003 0.005)
(0.0135 0.003 0.005)
(0.014 0.003 0.005)
(0.0145 0.003 0.005)
(0.015 0.003 0.005)
(0.0155 0.003 0.005)
(0.016 0.003 0.005)
(0.0165 0.003 0.005)
(0.017 0.003 0.005)
(0.0175 0.003 0.005)
(0.018 0.003 0.005)
(0.0185 0.003 0.005)
(0.019 0.003 0.005)
(0.0195 0.003 0.005)
(0.02 0.003 0.005)
(0 0 0.0055)
(0.0005 0 0.0055)
(0.001 0 0.0055)
(0.0015 0 0.0055)
(0.002 0 0.0055)
(0.0025 0 0.0055)
(0.003 0 0.0055)
(0.0035 0 0.0055)
(0.004 0 0.0055)
(0.0045 0 0.0055)
(0.005 0 0.0055)
(0.0055 0 0.0055)
(0.006 0 0.0055)
(0.0065 0 0.0055)
(0.007 0 0.0055)
(0.0075 0 0.0055)
(0.008 0 0.0055)
(0.0085 0 0.0055)
(0.009 0 0.0055)
(0.0095 0 0.0055)
(0.01 0 0.0055)
(0.0105 0 0.0055)
(0.011 0 0.0055)
(0.0115 0 0.0055)
(0.012 0 0.0055)
(0.0125 0 0.0055)
(0.013 0 0.0055)
(0.0135 0 0.0055)
(0.014 0 0.0055)
(0.0145 0 0.0055)
(0.015 0 0.0055)
(0.0155 0 0.0055)
(0.016 0 0.0055)
(0.0165 0 0.0055)
(0.017 0 0.0055)
(0.0175 0 0.0055)
(0.018 0 0.0055)
(0.0185 0 0.0055)
(0.019 0 0.0055)
(0.0195 0 0.0055)
(0.02 0 0.0055)
(0 0.0005 0.0055)
(0.0005 0.0005 0.0055)
(0.001 0.0005 0.0055)
(0.0015 0.0005 0.0055)
(0.002 0.0005 0.0055)
(0.0025 0.0005 0.0055)
(0.003 0.0005 0.0055)
(0.0035 0.0005 0.0055)
(0.004 0.0005 0.0055)
(0.0045 0.0005 0.0055)
(0.005 0.0005 0.0055)
(0.0055 0.0005 0.0055)
(0.006 0.0005 0.0055)
(0.0065 0.0005 0.0055)
(0.007 0.0005 0.0055)
(0.0075 0.0005 0.0055)
(0.008 0.0005 0.0055)
(0.0085 0.0005 0.0055)
(0.009 0.0005 0.0055)
(0.0095 0.0005 0.0055)
(0.01 0.0005 0.0055)
(0.0105 0.0005 0.0055)
(0.011 0.0005 0.0055)
(0.0115 0.0005 0.0055)
(0.012 0.0005 0.0055)
(0.0125 0.0005 0.0055)
(0.013 0.0005 0.0055)
(0.0135 0.0005 0.0055)
(0.014 0.0005 0.0055)
(0.0145 0.0005 0.0055)
(0.015 0.0005 0.0055)
(0.0155 0.0005 0.0055)
(0.016 0.0005 0.0055)
(0.0165 0.0005 0.0055)
(0.017 0.0005 0.0055)
(0.0175 0.0005 0.0055)
(0.018 0.0005 0.0055)
(0.0185 0.0005 0.0055)
(0.019 0.0005 0.0055)
(0.0195 0.0005 0.0055)
(0.02 0.0005 0.0055)
(0 0.001 0.0055)
(0.0005 0.001 0.0055)
(0.001 0.001 0.0055)
(0.0015 0.001 0.0055)
(0.002 0.001 0.0055)
(0.0025 0.001 0.0055)
(0.003 0.001 0.0055)
(0.0035 0.001 0.0055)
(0.004 0.001 0.0055)
(0.0045 0.001 0.0055)
(0.005 0.001 0.0055)
(0.0055 0.001 0.0055)
(0.006 0.001 0.0055)
(0.0065 0.001 0.0055)
(0.007 0.001 0.0055)
(0.0075 0.001 0.0055)
(0.008 0.001 0.0055)
(0.0085 0.001 0.0055)
(0.009 0.001 0.0055)
(0.0095 0.001 0.0055)
(0.01 0.001 0.0055)
(0.0105 0.001 0.0055)
(0.011 0.001 0.0055)
(0.0115 0.001 0.0055)
(0.012 0.001 0.0055)
(0.0125 0.001 0.0055)
(0.013 0.001 0.0055)
(0.0135 0.001 0.0055)
(0.014 0.001 0.0055)
(0.0145 0.001 0.0055)
(0.015 0.001 0.0055)
(0.0155 0.001 0.0055)
(0.016 0.001 0.0055)
(0.0165 0.001 0.0055)
(0.017 0.001 0.0055)
(0.0175 0.001 0.0055)
(0.018 0.001 0.0055)
(0.0185 0.001 0.0055)
(0.019 0.001 0.0055)
(0.0195 0.001 0.0055)
(0.02 0.001 0.0055)
(0 0.0015 0.0055)
(0.0005 0.0015 0.0055)
(0.001 0.0015 0.0055)
(0.0015 0.0015 0.0055)
(0.002 0.0015 0.0055)
(0.0025 0.0015 0.0055)
(0.003 0.0015 0.0055)
(0.0035 0.0015 0.0055)
(0.004 0.0015 0.0055)
(0.0045 0.0015 0.0055)
(0.005 0.0015 0.0055)
(0.0055 0.0015 0.0055)
(0.006 0.0015 0.0055)
(0.0065 0.0015 0.0055)
(0.007 0.0015 0.0055)
(0.0075 0.0015 0.0055)
(0.008 0.0015 0.0055)
(0.0085 0.0015 0.0055)
(0.009 0.0015 0.0055)
(0.0095 0.0015 0.0055)
(0.01 0.0015 0.0055)
(0.0105 0.0015 0.0055)
(0.011 0.0015 0.0055)
(0.0115 0.0015 0.0055)
(0.012 0.0015 0.0055)
(0.0125 0.0015 0.0055)
(0.013 0.0015 0.0055)
(0.0135 0.0015 0.0055)
(0.014 0.0015 0.0055)
(0.0145 0.0015 0.0055)
(0.015 0.0015 0.0055)
(0.0155 0.0015 0.0055)
(0.016 0.0015 0.0055)
(0.0165 0.0015 0.0055)
(0.017 0.0015 0.0055)
(0.0175 0.0015 0.0055)
(0.018 0.0015 0.0055)
(0.0185 0.0015 0.0055)
(0.019 0.0015 0.0055)
(0.0195 0.0015 0.0055)
(0.02 0.0015 0.0055)
(0 0.002 0.0055)
(0.0005 0.002 0.0055)
(0.001 0.002 0.0055)
(0.0015 0.002 0.0055)
(0.002 0.002 0.0055)
(0.0025 0.002 0.0055)
(0.003 0.002 0.0055)
(0.0035 0.002 0.0055)
(0.004 0.002 0.0055)
(0.0045 0.002 0.0055)
(0.005 0.002 0.0055)
(0.0055 0.002 0.0055)
(0.006 0.002 0.0055)
(0.0065 0.002 0.0055)
(0.007 0.002 0.0055)
(0.0075 0.002 0.0055)
(0.008 0.002 0.0055)
(0.0085 0.002 0.0055)
(0.009 0.002 0.0055)
(0.0095 0.002 0.0055)
(0.01 0.002 0.0055)
(0.0105 0.002 0.0055)
(0.011 0.002 0.0055)
(0.0115 0.002 0.0055)
(0.012 0.002 0.0055)
(0.0125 0.002 0.0055)
(0.013 0.002 0.0055)
(0.0135 0.002 0.0055)
(0.014 0.002 0.0055)
(0.0145 0.002 0.0055)
(0.015 0.002 0.0055)
(0.0155 0.002 0.0055)
(0.016 0.002 0.0055)
(0.0165 0.002 0.0055)
(0.017 0.002 0.0055)
(0.0175 0.002 0.0055)
(0.018 0.002 0.0055)
(0.0185 0.002 0.0055)
(0.019 0.002 0.0055)
(0.0195 0.002 0.0055)
(0.02 0.002 0.0055)
(0 0.0025 0.0055)
(0.0005 0.0025 0.0055)
(0.001 0.0025 0.0055)
(0.0015 0.0025 0.0055)
(0.002 0.0025 0.0055)
(0.0025 0.0025 0.0055)
(0.003 0.0025 0.0055)
(0.0035 0.0025 0.0055)
(0.004 0.0025 0.0055)
(0.0045 0.0025 0.0055)
(0.005 0.0025 0.0055)
(0.0055 0.0025 0.0055)
(0.006 0.0025 0.0055)
(0.0065 0.0025 0.0055)
(0.007 0.0025 0.0055)
(0.0075 0.0025 0.0055)
(0.008 0.0025 0.0055)
(0.0085 0.0025 0.0055)
(0.009 0.0025 0.0055)
(0.0095 0.0025 0.0055)
(0.01 0.0025 0.0055)
(0.0105 0.0025 0.0055)
(0.011 0.0025 0.0055)
(0.0115 0.0025 0.0055)
(0.012 0.0025 0.0055)
(0.0125 0.0025 0.0055)
(0.013 0.0025 0.0055)
(0.0135 0.0025 0.0055)
(0.014 0.0025 0.0055)
(0.0145 0.0025 0.0055)
(0.015 0.0025 0.0055)
(0.0155 0.0025 0.0055)
(0.016 0.0025 0.0055)
(0.0165 0.0025 0.0055)
(0.017 0.0025 0.0055)
(0.0175 0.0025 0.0055)
(0.018 0.0025 0.0055)
(0.0185 0.0025 0.0055)
(0.019 0.0025 0.0055)
(0.0195 0.0025 0.0055)
(0.02 0.0025 0.0055)
(0 0.003 0.0055)
(0.0005 0.003 0.0055)
(0.001 0.003 0.0055)
(0.0015 0.003 0.0055)
(0.002 0.003 0.0055)
(0.0025 0.003 0.0055)
(0.003 0.003 0.0055)
(0.0035 0.003 0.0055)
(0.004 0.003 0.0055)
(0.0045 0.003 0.0055)
(0.005 0.003 0.0055)
(0.0055 0.003 0.0055)
(0.006 0.003 0.0055)
(0.0065 0.003 0.0055)
(0.007 0.003 0.0055)
(0.0075 0.003 0.0055)
(0.008 0.003 0.0055)
(0.0085 0.003 0.0055)
(0.009 0.003 0.0055)
(0.0095 0.003 0.0055)
(0.01 0.003 0.0055)
(0.0105 0.003 0.0055)
(0.011 0.003 0.0055)
(0.0115 0.003 0.0055)
(0.012 0.003 0.0055)
(0.0125 0.003 0.0055)
(0.013 0.003 0.0055)
(0.0135 0.003 0.0055)
(0.014 0.003 0.0055)
(0.0145 0.003 0.0055)
(0.015 0.003 0.0055)
(0.0155 0.003 0.0055)
(0.016 0.003 0.0055)
(0.0165 0.003 0.0055)
(0.017 0.003 0.0055)
(0.0175 0.003 0.0055)
(0.018 0.003 0.0055)
(0.0185 0.003 0.0055)
(0.019 0.003 0.0055)
(0.0195 0.003 0.0055)
(0.02 0.003 0.0055)
(0 0 0.006)
(0.0005 0 0.006)
(0.001 0 0.006)
(0.0015 0 0.006)
(0.002 0 0.006)
(0.0025 0 0.006)
(0.003 0 0.006)
(0.0035 0 0.006)
(0.004 0 0.006)
(0.0045 0 0.006)
(0.005 0 0.006)
(0.0055 0 0.006)
(0.006 0 0.006)
(0.0065 0 0.006)
(0.007 0 0.006)
(0.0075 0 0.006)
(0.008 0 0.006)
(0.0085 0 0.006)
(0.009 0 0.006)
(0.0095 0 0.006)
(0.01 0 0.006)
(0.0105 0 0.006)
(0.011 0 0.006)
(0.0115 0 0.006)
(0.012 0 0.006)
(0.0125 0 0.006)
(0.013 0 0.006)
(0.0135 0 0.006)
(0.014 0 0.006)
(0.0145 0 0.006)
(0.015 0 0.006)
(0.0155 0 0.006)
(0.016 0 0.006)
(0.0165 0 0.006)
(0.017 0 0.006)
(0.0175 0 0.006)
(0.018 0 0.006)
(0.0185 0 0.006)
(0.019 0 0.006)
(0.0195 0 0.006)
(0.02 0 0.006)
(0 0.0005 0.006)
(0.0005 0.0005 0.006)
(0.001 0.0005 0.006)
(0.0015 0.0005 0.006)
(0.002 0.0005 0.006)
(0.0025 0.0005 0.006)
(0.003 0.0005 0.006)
(0.0035 0.0005 0.006)
(0.004 0.0005 0.006)
(0.0045 0.0005 0.006)
(0.005 0.0005 0.006)
(0.0055 0.0005 0.006)
(0.006 0.0005 0.006)
(0.0065 0.0005 0.006)
(0.007 0.0005 0.006)
(0.0075 0.0005 0.006)
(0.008 0.0005 0.006)
(0.0085 0.0005 0.006)
(0.009 0.0005 0.006)
(0.0095 0.0005 0.006)
(0.01 0.0005 0.006)
(0.0105 0.0005 0.006)
(0.011 0.0005 0.006)
(0.0115 0.0005 0.006)
(0.012 0.0005 0.006)
(0.0125 0.0005 0.006)
(0.013 0.0005 0.006)
(0.0135 0.0005 0.006)
(0.014 0.0005 0.006)
(0.0145 0.0005 0.006)
(0.015 0.0005 0.006)
(0.0155 0.0005 0.006)
(0.016 0.0005 0.006)
(0.0165 0.0005 0.006)
(0.017 0.0005 0.006)
(0.0175 0.0005 0.006)
(0.018 0.0005 0.006)
(0.0185 0.0005 0.006)
(0.019 0.0005 0.006)
(0.0195 0.0005 0.006)
(0.02 0.0005 0.006)
(0 0.001 0.006)
(0.0005 0.001 0.006)
(0.001 0.001 0.006)
(0.0015 0.001 0.006)
(0.002 0.001 0.006)
(0.0025 0.001 0.006)
(0.003 0.001 0.006)
(0.0035 0.001 0.006)
(0.004 0.001 0.006)
(0.0045 0.001 0.006)
(0.005 0.001 0.006)
(0.0055 0.001 0.006)
(0.006 0.001 0.006)
(0.0065 0.001 0.006)
(0.007 0.001 0.006)
(0.0075 0.001 0.006)
(0.008 0.001 0.006)
(0.0085 0.001 0.006)
(0.009 0.001 0.006)
(0.0095 0.001 0.006)
(0.01 0.001 0.006)
(0.0105 0.001 0.006)
(0.011 0.001 0.006)
(0.0115 0.001 0.006)
(0.012 0.001 0.006)
(0.0125 0.001 0.006)
(0.013 0.001 0.006)
(0.0135 0.001 0.006)
(0.014 0.001 0.006)
(0.0145 0.001 0.006)
(0.015 0.001 0.006)
(0.0155 0.001 0.006)
(0.016 0.001 0.006)
(0.0165 0.001 0.006)
(0.017 0.001 0.006)
(0.0175 0.001 0.006)
(0.018 0.001 0.006)
(0.0185 0.001 0.006)
(0.019 0.001 0.006)
(0.0195 0.001 0.006)
(0.02 0.001 0.006)
(0 0.0015 0.006)
(0.0005 0.0015 0.006)
(0.001 0.0015 0.006)
(0.0015 0.0015 0.006)
(0.002 0.0015 0.006)
(0.0025 0.0015 0.006)
(0.003 0.0015 0.006)
(0.0035 0.0015 0.006)
(0.004 0.0015 0.006)
(0.0045 0.0015 0.006)
(0.005 0.0015 0.006)
(0.0055 0.0015 0.006)
(0.006 0.0015 0.006)
(0.0065 0.0015 0.006)
(0.007 0.0015 0.006)
(0.0075 0.0015 0.006)
(0.008 0.0015 0.006)
(0.0085 0.0015 0.006)
(0.009 0.0015 0.006)
(0.0095 0.0015 0.006)
(0.01 0.0015 0.006)
(0.0105 0.0015 0.006)
(0.011 0.0015 0.006)
(0.0115 0.0015 0.006)
(0.012 0.0015 0.006)
(0.0125 0.0015 0.006)
(0.013 0.0015 0.006)
(0.0135 0.0015 0.006)
(0.014 0.0015 0.006)
(0.0145 0.0015 0.006)
(0.015 0.0015 0.006)
(0.0155 0.0015 0.006)
(0.016 0.0015 0.006)
(0.0165 0.0015 0.006)
(0.017 0.0015 0.006)
(0.0175 0.0015 0.006)
(0.018 0.0015 0.006)
(0.0185 0.0015 0.006)
(0.019 0.0015 0.006)
(0.0195 0.0015 0.006)
(0.02 0.0015 0.006)
(0 0.002 0.006)
(0.0005 0.002 0.006)
(0.001 0.002 0.006)
(0.0015 0.002 0.006)
(0.002 0.002 0.006)
(0.0025 0.002 0.006)
(0.003 0.002 0.006)
(0.0035 0.002 0.006)
(0.004 0.002 0.006)
(0.0045 0.002 0.006)
(0.005 0.002 0.006)
(0.0055 0.002 0.006)
(0.006 0.002 0.006)
(0.0065 0.002 0.006)
(0.007 0.002 0.006)
(0.0075 0.002 0.006)
(0.008 0.002 0.006)
(0.0085 0.002 0.006)
(0.009 0.002 0.006)
(0.0095 0.002 0.006)
(0.01 0.002 0.006)
(0.0105 0.002 0.006)
(0.011 0.002 0.006)
(0.0115 0.002 0.006)
(0.012 0.002 0.006)
(0.0125 0.002 0.006)
(0.013 0.002 0.006)
(0.0135 0.002 0.006)
(0.014 0.002 0.006)
(0.0145 0.002 0.006)
(0.015 0.002 0.006)
(0.0155 0.002 0.006)
(0.016 0.002 0.006)
(0.0165 0.002 0.006)
(0.017 0.002 0.006)
(0.0175 0.002 0.006)
(0.018 0.002 0.006)
(0.0185 0.002 0.006)
(0.019 0.002 0.006)
(0.0195 0.002 0.006)
(0.02 0.002 0.006)
(0 0.0025 0.006)
(0.0005 0.0025 0.006)
(0.001 0.0025 0.006)
(0.0015 0.0025 0.006)
(0.002 0.0025 0.006)
(0.0025 0.0025 0.006)
(0.003 0.0025 0.006)
(0.0035 0.0025 0.006)
(0.004 0.0025 0.006)
(0.0045 0.0025 0.006)
(0.005 0.0025 0.006)
(0.0055 0.0025 0.006)
(0.006 0.0025 0.006)
(0.0065 0.0025 0.006)
(0.007 0.0025 0.006)
(0.0075 0.0025 0.006)
(0.008 0.0025 0.006)
(0.0085 0.0025 0.006)
(0.009 0.0025 0.006)
(0.0095 0.0025 0.006)
(0.01 0.0025 0.006)
(0.0105 0.0025 0.006)
(0.011 0.0025 0.006)
(0.0115 0.0025 0.006)
(0.012 0.0025 0.006)
(0.0125 0.0025 0.006)
(0.013 0.0025 0.006)
(0.0135 0.0025 0.006)
(0.014 0.0025 0.006)
(0.0145 0.0025 0.006)
(0.015 0.0025 0.006)
(0.0155 0.0025 0.006)
(0.016 0.0025 0.006)
(0.0165 0.0025 0.006)
(0.017 0.0025 0.006)
(0.0175 0.0025 0.006)
(0.018 0.0025 0.006)
(0.0185 0.0025 0.006)
(0.019 0.0025 0.006)
(0.0195 0.0025 0.006)
(0.02 0.0025 0.006)
(0 0.003 0.006)
(0.0005 0.003 0.006)
(0.001 0.003 0.006)
(0.0015 0.003 0.006)
(0.002 0.003 0.006)
(0.0025 0.003 0.006)
(0.003 0.003 0.006)
(0.0035 0.003 0.006)
(0.004 0.003 0.006)
(0.0045 0.003 0.006)
(0.005 0.003 0.006)
(0.0055 0.003 0.006)
(0.006 0.003 0.006)
(0.0065 0.003 0.006)
(0.007 0.003 0.006)
(0.0075 0.003 0.006)
(0.008 0.003 0.006)
(0.0085 0.003 0.006)
(0.009 0.003 0.006)
(0.0095 0.003 0.006)
(0.01 0.003 0.006)
(0.0105 0.003 0.006)
(0.011 0.003 0.006)
(0.0115 0.003 0.006)
(0.012 0.003 0.006)
(0.0125 0.003 0.006)
(0.013 0.003 0.006)
(0.0135 0.003 0.006)
(0.014 0.003 0.006)
(0.0145 0.003 0.006)
(0.015 0.003 0.006)
(0.0155 0.003 0.006)
(0.016 0.003 0.006)
(0.0165 0.003 0.006)
(0.017 0.003 0.006)
(0.0175 0.003 0.006)
(0.018 0.003 0.006)
(0.0185 0.003 0.006)
(0.019 0.003 0.006)
(0.0195 0.003 0.006)
(0.02 0.003 0.006)
(0 0 0.0065)
(0.0005 0 0.0065)
(0.001 0 0.0065)
(0.0015 0 0.0065)
(0.002 0 0.0065)
(0.0025 0 0.0065)
(0.003 0 0.0065)
(0.0035 0 0.0065)
(0.004 0 0.0065)
(0.0045 0 0.0065)
(0.005 0 0.0065)
(0.0055 0 0.0065)
(0.006 0 0.0065)
(0.0065 0 0.0065)
(0.007 0 0.0065)
(0.0075 0 0.0065)
(0.008 0 0.0065)
(0.0085 0 0.0065)
(0.009 0 0.0065)
(0.0095 0 0.0065)
(0.01 0 0.0065)
(0.0105 0 0.0065)
(0.011 0 0.0065)
(0.0115 0 0.0065)
(0.012 0 0.0065)
(0.0125 0 0.0065)
(0.013 0 0.0065)
(0.0135 0 0.0065)
(0.014 0 0.0065)
(0.0145 0 0.0065)
(0.015 0 0.0065)
(0.0155 0 0.0065)
(0.016 0 0.0065)
(0.0165 0 0.0065)
(0.017 0 0.0065)
(0.0175 0 0.0065)
(0.018 0 0.0065)
(0.0185 0 0.0065)
(0.019 0 0.0065)
(0.0195 0 0.0065)
(0.02 0 0.0065)
(0 0.0005 0.0065)
(0.0005 0.0005 0.0065)
(0.001 0.0005 0.0065)
(0.0015 0.0005 0.0065)
(0.002 0.0005 0.0065)
(0.0025 0.0005 0.0065)
(0.003 0.0005 0.0065)
(0.0035 0.0005 0.0065)
(0.004 0.0005 0.0065)
(0.0045 0.0005 0.0065)
(0.005 0.0005 0.0065)
(0.0055 0.0005 0.0065)
(0.006 0.0005 0.0065)
(0.0065 0.0005 0.0065)
(0.007 0.0005 0.0065)
(0.0075 0.0005 0.0065)
(0.008 0.0005 0.0065)
(0.0085 0.0005 0.0065)
(0.009 0.0005 0.0065)
(0.0095 0.0005 0.0065)
(0.01 0.0005 0.0065)
(0.0105 0.0005 0.0065)
(0.011 0.0005 0.0065)
(0.0115 0.0005 0.0065)
(0.012 0.0005 0.0065)
(0.0125 0.0005 0.0065)
(0.013 0.0005 0.0065)
(0.0135 0.0005 0.0065)
(0.014 0.0005 0.0065)
(0.0145 0.0005 0.0065)
(0.015 0.0005 0.0065)
(0.0155 0.0005 0.0065)
(0.016 0.0005 0.0065)
(0.0165 0.0005 0.0065)
(0.017 0.0005 0.0065)
(0.0175 0.0005 0.0065)
(0.018 0.0005 0.0065)
(0.0185 0.0005 0.0065)
(0.019 0.0005 0.0065)
(0.0195 0.0005 0.0065)
(0.02 0.0005 0.0065)
(0 0.001 0.0065)
(0.0005 0.001 0.0065)
(0.001 0.001 0.0065)
(0.0015 0.001 0.0065)
(0.002 0.001 0.0065)
(0.0025 0.001 0.0065)
(0.003 0.001 0.0065)
(0.0035 0.001 0.0065)
(0.004 0.001 0.0065)
(0.0045 0.001 0.0065)
(0.005 0.001 0.0065)
(0.0055 0.001 0.0065)
(0.006 0.001 0.0065)
(0.0065 0.001 0.0065)
(0.007 0.001 0.0065)
(0.0075 0.001 0.0065)
(0.008 0.001 0.0065)
(0.0085 0.001 0.0065)
(0.009 0.001 0.0065)
(0.0095 0.001 0.0065)
(0.01 0.001 0.0065)
(0.0105 0.001 0.0065)
(0.011 0.001 0.0065)
(0.0115 0.001 0.0065)
(0.012 0.001 0.0065)
(0.0125 0.001 0.0065)
(0.013 0.001 0.0065)
(0.0135 0.001 0.0065)
(0.014 0.001 0.0065)
(0.0145 0.001 0.0065)
(0.015 0.001 0.0065)
(0.0155 0.001 0.0065)
(0.016 0.001 0.0065)
(0.0165 0.001 0.0065)
(0.017 0.001 0.0065)
(0.0175 0.001 0.0065)
(0.018 0.001 0.0065)
(0.0185 0.001 0.0065)
(0.019 0.001 0.0065)
(0.0195 0.001 0.0065)
(0.02 0.001 0.0065)
(0 0.0015 0.0065)
(0.0005 0.0015 0.0065)
(0.001 0.0015 0.0065)
(0.0015 0.0015 0.0065)
(0.002 0.0015 0.0065)
(0.0025 0.0015 0.0065)
(0.003 0.0015 0.0065)
(0.0035 0.0015 0.0065)
(0.004 0.0015 0.0065)
(0.0045 0.0015 0.0065)
(0.005 0.0015 0.0065)
(0.0055 0.0015 0.0065)
(0.006 0.0015 0.0065)
(0.0065 0.0015 0.0065)
(0.007 0.0015 0.0065)
(0.0075 0.0015 0.0065)
(0.008 0.0015 0.0065)
(0.0085 0.0015 0.0065)
(0.009 0.0015 0.0065)
(0.0095 0.0015 0.0065)
(0.01 0.0015 0.0065)
(0.0105 0.0015 0.0065)
(0.011 0.0015 0.0065)
(0.0115 0.0015 0.0065)
(0.012 0.0015 0.0065)
(0.0125 0.0015 0.0065)
(0.013 0.0015 0.0065)
(0.0135 0.0015 0.0065)
(0.014 0.0015 0.0065)
(0.0145 0.0015 0.0065)
(0.015 0.0015 0.0065)
(0.0155 0.0015 0.0065)
(0.016 0.0015 0.0065)
(0.0165 0.0015 0.0065)
(0.017 0.0015 0.0065)
(0.0175 0.0015 0.0065)
(0.018 0.0015 0.0065)
(0.0185 0.0015 0.0065)
(0.019 0.0015 0.0065)
(0.0195 0.0015 0.0065)
(0.02 0.0015 0.0065)
(0 0.002 0.0065)
(0.0005 0.002 0.0065)
(0.001 0.002 0.0065)
(0.0015 0.002 0.0065)
(0.002 0.002 0.0065)
(0.0025 0.002 0.0065)
(0.003 0.002 0.0065)
(0.0035 0.002 0.0065)
(0.004 0.002 0.0065)
(0.0045 0.002 0.0065)
(0.005 0.002 0.0065)
(0.0055 0.002 0.0065)
(0.006 0.002 0.0065)
(0.0065 0.002 0.0065)
(0.007 0.002 0.0065)
(0.0075 0.002 0.0065)
(0.008 0.002 0.0065)
(0.0085 0.002 0.0065)
(0.009 0.002 0.0065)
(0.0095 0.002 0.0065)
(0.01 0.002 0.0065)
(0.0105 0.002 0.0065)
(0.011 0.002 0.0065)
(0.0115 0.002 0.0065)
(0.012 0.002 0.0065)
(0.0125 0.002 0.0065)
(0.013 0.002 0.0065)
(0.0135 0.002 0.0065)
(0.014 0.002 0.0065)
(0.0145 0.002 0.0065)
(0.015 0.002 0.0065)
(0.0155 0.002 0.0065)
(0.016 0.002 0.0065)
(0.0165 0.002 0.0065)
(0.017 0.002 0.0065)
(0.0175 0.002 0.0065)
(0.018 0.002 0.0065)
(0.0185 0.002 0.0065)
(0.019 0.002 0.0065)
(0.0195 0.002 0.0065)
(0.02 0.002 0.0065)
(0 0.0025 0.0065)
(0.0005 0.0025 0.0065)
(0.001 0.0025 0.0065)
(0.0015 0.0025 0.0065)
(0.002 0.0025 0.0065)
(0.0025 0.0025 0.0065)
(0.003 0.0025 0.0065)
(0.0035 0.0025 0.0065)
(0.004 0.0025 0.0065)
(0.0045 0.0025 0.0065)
(0.005 0.0025 0.0065)
(0.0055 0.0025 0.0065)
(0.006 0.0025 0.0065)
(0.0065 0.0025 0.0065)
(0.007 0.0025 0.0065)
(0.0075 0.0025 0.0065)
(0.008 0.0025 0.0065)
(0.0085 0.0025 0.0065)
(0.009 0.0025 0.0065)
(0.0095 0.0025 0.0065)
(0.01 0.0025 0.0065)
(0.0105 0.0025 0.0065)
(0.011 0.0025 0.0065)
(0.0115 0.0025 0.0065)
(0.012 0.0025 0.0065)
(0.0125 0.0025 0.0065)
(0.013 0.0025 0.0065)
(0.0135 0.0025 0.0065)
(0.014 0.0025 0.0065)
(0.0145 0.0025 0.0065)
(0.015 0.0025 0.0065)
(0.0155 0.0025 0.0065)
(0.016 0.0025 0.0065)
(0.0165 0.0025 0.0065)
(0.017 0.0025 0.0065)
(0.0175 0.0025 0.0065)
(0.018 0.0025 0.0065)
(0.0185 0.0025 0.0065)
(0.019 0.0025 0.0065)
(0.0195 0.0025 0.0065)
(0.02 0.0025 0.0065)
(0 0.003 0.0065)
(0.0005 0.003 0.0065)
(0.001 0.003 0.0065)
(0.0015 0.003 0.0065)
(0.002 0.003 0.0065)
(0.0025 0.003 0.0065)
(0.003 0.003 0.0065)
(0.0035 0.003 0.0065)
(0.004 0.003 0.0065)
(0.0045 0.003 0.0065)
(0.005 0.003 0.0065)
(0.0055 0.003 0.0065)
(0.006 0.003 0.0065)
(0.0065 0.003 0.0065)
(0.007 0.003 0.0065)
(0.0075 0.003 0.0065)
(0.008 0.003 0.0065)
(0.0085 0.003 0.0065)
(0.009 0.003 0.0065)
(0.0095 0.003 0.0065)
(0.01 0.003 0.0065)
(0.0105 0.003 0.0065)
(0.011 0.003 0.0065)
(0.0115 0.003 0.0065)
(0.012 0.003 0.0065)
(0.0125 0.003 0.0065)
(0.013 0.003 0.0065)
(0.0135 0.003 0.0065)
(0.014 0.003 0.0065)
(0.0145 0.003 0.0065)
(0.015 0.003 0.0065)
(0.0155 0.003 0.0065)
(0.016 0.003 0.0065)
(0.0165 0.003 0.0065)
(0.017 0.003 0.0065)
(0.0175 0.003 0.0065)
(0.018 0.003 0.0065)
(0.0185 0.003 0.0065)
(0.019 0.003 0.0065)
(0.0195 0.003 0.0065)
(0.02 0.003 0.0065)
(0 0 0.007)
(0.0005 0 0.007)
(0.001 0 0.007)
(0.0015 0 0.007)
(0.002 0 0.007)
(0.0025 0 0.007)
(0.003 0 0.007)
(0.0035 0 0.007)
(0.004 0 0.007)
(0.0045 0 0.007)
(0.005 0 0.007)
(0.0055 0 0.007)
(0.006 0 0.007)
(0.0065 0 0.007)
(0.007 0 0.007)
(0.0075 0 0.007)
(0.008 0 0.007)
(0.0085 0 0.007)
(0.009 0 0.007)
(0.0095 0 0.007)
(0.01 0 0.007)
(0.0105 0 0.007)
(0.011 0 0.007)
(0.0115 0 0.007)
(0.012 0 0.007)
(0.0125 0 0.007)
(0.013 0 0.007)
(0.0135 0 0.007)
(0.014 0 0.007)
(0.0145 0 0.007)
(0.015 0 0.007)
(0.0155 0 0.007)
(0.016 0 0.007)
(0.0165 0 0.007)
(0.017 0 0.007)
(0.0175 0 0.007)
(0.018 0 0.007)
(0.0185 0 0.007)
(0.019 0 0.007)
(0.0195 0 0.007)
(0.02 0 0.007)
(0 0.0005 0.007)
(0.0005 0.0005 0.007)
(0.001 0.0005 0.007)
(0.0015 0.0005 0.007)
(0.002 0.0005 0.007)
(0.0025 0.0005 0.007)
(0.003 0.0005 0.007)
(0.0035 0.0005 0.007)
(0.004 0.0005 0.007)
(0.0045 0.0005 0.007)
(0.005 0.0005 0.007)
(0.0055 0.0005 0.007)
(0.006 0.0005 0.007)
(0.0065 0.0005 0.007)
(0.007 0.0005 0.007)
(0.0075 0.0005 0.007)
(0.008 0.0005 0.007)
(0.0085 0.0005 0.007)
(0.009 0.0005 0.007)
(0.0095 0.0005 0.007)
(0.01 0.0005 0.007)
(0.0105 0.0005 0.007)
(0.011 0.0005 0.007)
(0.0115 0.0005 0.007)
(0.012 0.0005 0.007)
(0.0125 0.0005 0.007)
(0.013 0.0005 0.007)
(0.0135 0.0005 0.007)
(0.014 0.0005 0.007)
(0.0145 0.0005 0.007)
(0.015 0.0005 0.007)
(0.0155 0.0005 0.007)
(0.016 0.0005 0.007)
(0.0165 0.0005 0.007)
(0.017 0.0005 0.007)
(0.0175 0.0005 0.007)
(0.018 0.0005 0.007)
(0.0185 0.0005 0.007)
(0.019 0.0005 0.007)
(0.0195 0.0005 0.007)
(0.02 0.0005 0.007)
(0 0.001 0.007)
(0.0005 0.001 0.007)
(0.001 0.001 0.007)
(0.0015 0.001 0.007)
(0.002 0.001 0.007)
(0.0025 0.001 0.007)
(0.003 0.001 0.007)
(0.0035 0.001 0.007)
(0.004 0.001 0.007)
(0.0045 0.001 0.007)
(0.005 0.001 0.007)
(0.0055 0.001 0.007)
(0.006 0.001 0.007)
(0.0065 0.001 0.007)
(0.007 0.001 0.007)
(0.0075 0.001 0.007)
(0.008 0.001 0.007)
(0.0085 0.001 0.007)
(0.009 0.001 0.007)
(0.0095 0.001 0.007)
(0.01 0.001 0.007)
(0.0105 0.001 0.007)
(0.011 0.001 0.007)
(0.0115 0.001 0.007)
(0.012 0.001 0.007)
(0.0125 0.001 0.007)
(0.013 0.001 0.007)
(0.0135 0.001 0.007)
(0.014 0.001 0.007)
(0.0145 0.001 0.007)
(0.015 0.001 0.007)
(0.0155 0.001 0.007)
(0.016 0.001 0.007)
(0.0165 0.001 0.007)
(0.017 0.001 0.007)
(0.0175 0.001 0.007)
(0.018 0.001 0.007)
(0.0185 0.001 0.007)
(0.019 0.001 0.007)
(0.0195 0.001 0.007)
(0.02 0.001 0.007)
(0 0.0015 0.007)
(0.0005 0.0015 0.007)
(0.001 0.0015 0.007)
(0.0015 0.0015 0.007)
(0.002 0.0015 0.007)
(0.0025 0.0015 0.007)
(0.003 0.0015 0.007)
(0.0035 0.0015 0.007)
(0.004 0.0015 0.007)
(0.0045 0.0015 0.007)
(0.005 0.0015 0.007)
(0.0055 0.0015 0.007)
(0.006 0.0015 0.007)
(0.0065 0.0015 0.007)
(0.007 0.0015 0.007)
(0.0075 0.0015 0.007)
(0.008 0.0015 0.007)
(0.0085 0.0015 0.007)
(0.009 0.0015 0.007)
(0.0095 0.0015 0.007)
(0.01 0.0015 0.007)
(0.0105 0.0015 0.007)
(0.011 0.0015 0.007)
(0.0115 0.0015 0.007)
(0.012 0.0015 0.007)
(0.0125 0.0015 0.007)
(0.013 0.0015 0.007)
(0.0135 0.0015 0.007)
(0.014 0.0015 0.007)
(0.0145 0.0015 0.007)
(0.015 0.0015 0.007)
(0.0155 0.0015 0.007)
(0.016 0.0015 0.007)
(0.0165 0.0015 0.007)
(0.017 0.0015 0.007)
(0.0175 0.0015 0.007)
(0.018 0.0015 0.007)
(0.0185 0.0015 0.007)
(0.019 0.0015 0.007)
(0.0195 0.0015 0.007)
(0.02 0.0015 0.007)
(0 0.002 0.007)
(0.0005 0.002 0.007)
(0.001 0.002 0.007)
(0.0015 0.002 0.007)
(0.002 0.002 0.007)
(0.0025 0.002 0.007)
(0.003 0.002 0.007)
(0.0035 0.002 0.007)
(0.004 0.002 0.007)
(0.0045 0.002 0.007)
(0.005 0.002 0.007)
(0.0055 0.002 0.007)
(0.006 0.002 0.007)
(0.0065 0.002 0.007)
(0.007 0.002 0.007)
(0.0075 0.002 0.007)
(0.008 0.002 0.007)
(0.0085 0.002 0.007)
(0.009 0.002 0.007)
(0.0095 0.002 0.007)
(0.01 0.002 0.007)
(0.0105 0.002 0.007)
(0.011 0.002 0.007)
(0.0115 0.002 0.007)
(0.012 0.002 0.007)
(0.0125 0.002 0.007)
(0.013 0.002 0.007)
(0.0135 0.002 0.007)
(0.014 0.002 0.007)
(0.0145 0.002 0.007)
(0.015 0.002 0.007)
(0.0155 0.002 0.007)
(0.016 0.002 0.007)
(0.0165 0.002 0.007)
(0.017 0.002 0.007)
(0.0175 0.002 0.007)
(0.018 0.002 0.007)
(0.0185 0.002 0.007)
(0.019 0.002 0.007)
(0.0195 0.002 0.007)
(0.02 0.002 0.007)
(0 0.0025 0.007)
(0.0005 0.0025 0.007)
(0.001 0.0025 0.007)
(0.0015 0.0025 0.007)
(0.002 0.0025 0.007)
(0.0025 0.0025 0.007)
(0.003 0.0025 0.007)
(0.0035 0.0025 0.007)
(0.004 0.0025 0.007)
(0.0045 0.0025 0.007)
(0.005 0.0025 0.007)
(0.0055 0.0025 0.007)
(0.006 0.0025 0.007)
(0.0065 0.0025 0.007)
(0.007 0.0025 0.007)
(0.0075 0.0025 0.007)
(0.008 0.0025 0.007)
(0.0085 0.0025 0.007)
(0.009 0.0025 0.007)
(0.0095 0.0025 0.007)
(0.01 0.0025 0.007)
(0.0105 0.0025 0.007)
(0.011 0.0025 0.007)
(0.0115 0.0025 0.007)
(0.012 0.0025 0.007)
(0.0125 0.0025 0.007)
(0.013 0.0025 0.007)
(0.0135 0.0025 0.007)
(0.014 0.0025 0.007)
(0.0145 0.0025 0.007)
(0.015 0.0025 0.007)
(0.0155 0.0025 0.007)
(0.016 0.0025 0.007)
(0.0165 0.0025 0.007)
(0.017 0.0025 0.007)
(0.0175 0.0025 0.007)
(0.018 0.0025 0.007)
(0.0185 0.0025 0.007)
(0.019 0.0025 0.007)
(0.0195 0.0025 0.007)
(0.02 0.0025 0.007)
(0 0.003 0.007)
(0.0005 0.003 0.007)
(0.001 0.003 0.007)
(0.0015 0.003 0.007)
(0.002 0.003 0.007)
(0.0025 0.003 0.007)
(0.003 0.003 0.007)
(0.0035 0.003 0.007)
(0.004 0.003 0.007)
(0.0045 0.003 0.007)
(0.005 0.003 0.007)
(0.0055 0.003 0.007)
(0.006 0.003 0.007)
(0.0065 0.003 0.007)
(0.007 0.003 0.007)
(0.0075 0.003 0.007)
(0.008 0.003 0.007)
(0.0085 0.003 0.007)
(0.009 0.003 0.007)
(0.0095 0.003 0.007)
(0.01 0.003 0.007)
(0.0105 0.003 0.007)
(0.011 0.003 0.007)
(0.0115 0.003 0.007)
(0.012 0.003 0.007)
(0.0125 0.003 0.007)
(0.013 0.003 0.007)
(0.0135 0.003 0.007)
(0.014 0.003 0.007)
(0.0145 0.003 0.007)
(0.015 0.003 0.007)
(0.0155 0.003 0.007)
(0.016 0.003 0.007)
(0.0165 0.003 0.007)
(0.017 0.003 0.007)
(0.0175 0.003 0.007)
(0.018 0.003 0.007)
(0.0185 0.003 0.007)
(0.019 0.003 0.007)
(0.0195 0.003 0.007)
(0.02 0.003 0.007)
)


// ************************************************************************* //
